0.750156 0.000010 0.249814 0.000010 0.000010
0.000010 0.000010 0.583132 0.416838 0.000010
0.999956 0.000011 0.000012 0.000010 0.000010
0.999960 0.000010 0.000010 0.000010 0.000010
0.000010 0.000010 0.999960 0.000010 0.000010
0.000010 0.000010 0.999960 0.000010 0.000010
0.652451 0.000019 0.347510 0.000010 0.000010
0.708343 0.000010 0.291627 0.000010 0.000010
0.000010 0.000010 0.999960 0.000010 0.000010
0.999959 0.000010 0.000011 0.000010 0.000010
0.671052 0.003201 0.325727 0.000010 0.000010
0.000011 0.000010 0.999959 0.000010 0.000010
0.000010 0.000010 0.999960 0.000010 0.000010
0.999954 0.000010 0.000016 0.000010 0.000010
0.000010 0.000010 0.000016 0.999954 0.000010
0.000010 0.000010 0.000011 0.999959 0.000010
0.000010 0.000010 0.000010 0.999960 0.000010
0.000010 0.212012 0.000010 0.000010 0.787958
0.000010 0.638534 0.000010 0.000010 0.361436
0.000010 0.566286 0.000010 0.000010 0.433684
0.000010 0.999960 0.000010 0.000010 0.000010
0.000010 0.239229 0.000010 0.000010 0.760741
0.000010 0.999960 0.000010 0.000010 0.000010
0.000010 0.679951 0.000010 0.000010 0.320019
0.000011 0.999959 0.000010 0.000010 0.000010
0.000010 0.274807 0.000010 0.000010 0.725163
0.000010 0.000012 0.000019 0.000010 0.999948
0.000010 0.000010 0.000010 0.000010 0.999960
0.000010 0.517410 0.000010 0.000010 0.482560
0.000018 0.292560 0.000010 0.000010 0.707402
0.000010 0.000010 0.000010 0.000010 0.999960
