##IBS_Distance_Matrix.AverageTotalSites=812.8333706606943
##IBS_Distance_Matrix.NumAlleles=3
##IBS_Distance_Matrix.TrueIBS=false
##Matrix_Type=IBS_Distance_Matrix
95
A01_CBRY8ANXX_6_Tipulid_A01_X5	0.0	0.2160804	0.20584145	0.21803279	0.23098394	0.22081044	0.22110029	0.2294854	0.22325408	0.22505307	0.20565908	0.2246326	0.2130621	0.21974522	0.21722455	0.21453287	0.21203229	0.22320709	0.41860464	0.22257552	0.25297943	0.21856725	0.22536182	0.22988103	0.23003072	0.23510204	0.22980501	0.24941589	0.25056946	0.23266988	0.22109705	0.2386443	0.23438597	0.20901933	0.26595744	0.26006192	0.23481229	0.22701555	0.3	0.22497123	0.22936577	0.2219917	0.21866392	0.24960506	0.2471555	0.4375	0.2118881	0.42787683	0.44056848	0.42184725	0.21848415	0.4356659	0.22487347	0.42327365	0.2369186	0.436919	0.45053956	0.21941392	0.23581974	0.21343283	0.21989721	0.20169492	0.21915215	0.21609403	0.21957447	0.1861702	0.21261516	0.2193662	0.23135965	0.2081798	0.20785071	0.22861357	0.21384615	0.4258312	0.22049925	0.44267517	0.3904762	0.4352861	0.2756933	0.28405574	0.2897196	0.44794345	0.45992365	0.44840765	0.44117647	0.4623457	0.45631722	0.45443195	0.4569378	0.46259353	0.45701644	0.45057034	0.42258066	0.439	0.42662632
A02_CBRY8ANXX_6_Tipulid_A02_X5	0.2160804	0.0	0.20956874	0.20513834	0.21932204	0.22074468	0.20288397	0.19543317	0.19878224	0.19597818	0.21462107	0.19459459	0.2201803	0.19725086	0.22801082	0.2145259	0.22492836	0.21567106	0.42765957	0.22004698	0.21075268	0.18461539	0.2283992	0.22696246	0.2271021	0.23376103	0.2230821	0.22437358	0.23235294	0.2330452	0.21493776	0.22165991	0.23589395	0.2058212	0.22638147	0.2859375	0.23170732	0.22855182	0.33333334	0.20915411	0.23645744	0.22934856	0.22	0.23183925	0.23111396	0.45994064	0.22274882	0.45612708	0.4532767	0.44666666	0.22142857	0.44385594	0.2196756	0.44390833	0.23651253	0.45437732	0.46649915	0.23014757	0.23009856	0.20483711	0.22111978	0.22061259	0.22267357	0.21741071	0.22588833	0.24226804	0.2107438	0.21947874	0.24304068	0.21985559	0.23076923	0.23210923	0.21961223	0.4457317	0.2150695	0.46918336	0.44	0.4464968	0.29891303	0.29777777	0.2964072	0.47524154	0.4886635	0.4627404	0.4736504	0.4796984	0.47314578	0.47764707	0.48029196	0.48524204	0.4789916	0.47727272	0.4415449	0.45908183	0.4599428
A03_CBRY8ANXX_6_Tipulid_A03_X5	0.20584145	0.20956874	0.0	0.20930232	0.21837945	0.20862846	0.22468975	0.21447282	0.22507022	0.22170748	0.21168831	0.21639344	0.21093225	0.21480988	0.21100917	0.2090909	0.22369339	0.20747522	0.41453832	0.22053231	0.24764891	0.22517242	0.21335927	0.21315268	0.2148067	0.23158307	0.21470588	0.22711864	0.23079684	0.22885732	0.21521036	0.2222587	0.23796968	0.20283976	0.25215146	0.2751479	0.2269821	0.22273937	0.35	0.22315437	0.22681704	0.21377517	0.21562298	0.22977099	0.23100491	0.43857142	0.21442688	0.42627737	0.44386575	0.42833877	0.22189566	0.4311741	0.22100206	0.4253472	0.22866419	0.44761905	0.46422765	0.21604939	0.22838138	0.22088547	0.21551724	0.21129033	0.22421204	0.20051636	0.2259772	0.24742268	0.22255689	0.21428572	0.24633123	0.21323529	0.22250316	0.23661971	0.20670995	0.42857143	0.21241134	0.442899	0.4224138	0.42900857	0.27123696	0.27421653	0.2811159	0.45144507	0.4533561	0.44362187	0.43781096	0.46145374	0.4469512	0.44926718	0.4623044	0.45730338	0.45644796	0.45840555	0.4103314	0.42257464	0.434573
A04_CBRY8ANXX_6_Tipulid_A04_X5	0.21803279	0.20513834	0.20930232	0.0	0.24292453	0.21439569	0.19846153	0.19513138	0.19635628	0.19623233	0.22023347	0.20521806	0.22559056	0.20313725	0.23872472	0.21776062	0.2240129	0.22782609	0.41624364	0.24222222	0.20754717	0.19148089	0.23470178	0.24156862	0.24017094	0.24178833	0.23698524	0.23433584	0.25430682	0.24289009	0.2283721	0.24379845	0.24766356	0.22187254	0.27623764	0.25432527	0.24160305	0.2354788	0.5833333	0.24018325	0.24047619	0.22695585	0.2326389	0.26086956	0.21997207	0.43973634	0.22603273	0.42100373	0.44285715	0.42226487	0.22645548	0.43059126	0.22240393	0.41553545	0.23997833	0.438949	0.44308943	0.2284448	0.24437717	0.20121951	0.2181235	0.21067157	0.21561182	0.227	0.21877934	0.21428572	0.22777778	0.22709475	0.21599045	0.22678275	0.22411445	0.22182006	0.22801025	0.4266055	0.22377327	0.43809524	0.4039409	0.43295637	0.29038462	0.29574862	0.28942487	0.44210526	0.44086826	0.43413174	0.42996743	0.46075583	0.43210864	0.44387	0.4375	0.45216742	0.4477612	0.43049327	0.41494846	0.41585365	0.41342756
A05_CBRY8ANXX_6_Tipulid_A05_X5	0.23098394	0.21932204	0.21837945	0.24292453	0.0	0.2038961	0.23394495	0.2344782	0.23465067	0.22473404	0.21901639	0.22929092	0.2	0.22751859	0.23348746	0.21686351	0.21008404	0.20724191	0.441	0.21636085	0.24630801	0.22680056	0.21778941	0.226	0.22426471	0.24021909	0.2175346	0.25646794	0.23429602	0.22863667	0.23176661	0.22875166	0.22918054	0.21414004	0.23924269	0.28293413	0.22739018	0.23151882	0.875	0.23046875	0.2392767	0.22900262	0.22139142	0.23903178	0.25	0.45736995	0.21551724	0.45	0.4494712	0.43360656	0.22764228	0.45238096	0.22011058	0.443539	0.23966165	0.44904077	0.46305418	0.22322045	0.24498886	0.21470019	0.2204861	0.21399677	0.2301013	0.22707613	0.22630718	0.2525773	0.22083615	0.21921018	0.25690022	0.22038081	0.23910336	0.2443074	0.22872727	0.44659624	0.22460657	0.46318114	0.4029536	0.44913152	0.3098485	0.3088445	0.31051874	0.4627474	0.47800925	0.4571263	0.45397225	0.4751973	0.46851853	0.46563575	0.4643377	0.46792668	0.47045192	0.4660279	0.44990176	0.44433963	0.44791666
A06_CBRY8ANXX_6_Tipulid_A06_X5	0.22081044	0.22074468	0.20862846	0.21439569	0.2038961	0.0	0.21543409	0.21993569	0.2226051	0.21712239	0.21962915	0.21382429	0.19335549	0.21743421	0.22193548	0.203135	0.19220246	0.21299775	0.4118774	0.2150901	0.22599165	0.21404342	0.22396167	0.22005208	0.21635312	0.2217525	0.22021893	0.23681258	0.24382499	0.2302799	0.2122905	0.2367228	0.23292127	0.21438083	0.24829352	0.2646199	0.2231301	0.21405122	0.33333334	0.2172949	0.21558121	0.20916079	0.21292171	0.22713643	0.21912833	0.445758	0.21247563	0.4266382	0.44387755	0.42619047	0.21698113	0.433	0.21351351	0.42355606	0.22865014	0.44199535	0.45189273	0.21370696	0.2270073	0.20199619	0.20666213	0.2024	0.21172753	0.2106383	0.20927419	0.21875	0.2116524	0.2119032	0.23480085	0.20764463	0.22379778	0.23158379	0.21123755	0.43019298	0.2062937	0.4477401	0.4090909	0.43854415	0.28374454	0.2859116	0.2889972	0.4534231	0.45948946	0.44612795	0.4428224	0.46655878	0.4547619	0.45384616	0.45850915	0.4570957	0.4593088	0.45840406	0.42380953	0.4375	0.4381649
A07_CBRY8ANXX_6_Tipulid_A07_X5	0.22110029	0.20288397	0.22468975	0.19846153	0.23394495	0.21543409	0.0	0.20234223	0.20238096	0.19672132	0.22081712	0.19737706	0.22020201	0.20272969	0.2293578	0.21419314	0.2184466	0.22994652	0.43359375	0.23901515	0.21907757	0.20136987	0.22741936	0.23812665	0.22476397	0.23478939	0.22721355	0.24042793	0.24216524	0.23518041	0.230178	0.24115334	0.2389875	0.21438172	0.24140893	0.26347306	0.23116219	0.22833334	1.0	0.23240224	0.23372287	0.2224741	0.22633612	0.24542683	0.23674476	0.4611582	0.22393443	0.44694766	0.45596755	0.44155845	0.22076024	0.45184427	0.22736625	0.44310346	0.23277467	0.45675355	0.4644013	0.220397	0.23488201	0.21305183	0.21516393	0.21802092	0.2138275	0.2267642	0.22945485	0.2113402	0.22040133	0.22513263	0.23417722	0.21713287	0.22653316	0.23155929	0.21654676	0.443038	0.21221751	0.46861315	0.4375	0.44987774	0.3038633	0.30112046	0.3064972	0.46978337	0.47954544	0.46647727	0.4679408	0.48235944	0.4710145	0.4725644	0.4755747	0.4725028	0.477195	0.4787053	0.47485495	0.46261683	0.45454547
A08_CBRY8ANXX_6_Tipulid_A08_X5	0.2294854	0.19543317	0.21447282	0.19513138	0.2344782	0.21993569	0.20234223	0.0	0.19965157	0.2030323	0.2195836	0.20314547	0.22061786	0.2055703	0.22804718	0.2179987	0.22727273	0.21768707	0.43346378	0.22488585	0.21391213	0.19945168	0.22517845	0.22538003	0.2355099	0.2364341	0.22988881	0.22485876	0.23751783	0.22853453	0.2253635	0.23195538	0.24325214	0.2153432	0.24310344	0.26911765	0.22907348	0.22877984	0.25	0.24213482	0.23383084	0.22697794	0.2260982	0.2392638	0.22394541	0.4579772	0.22277227	0.44152048	0.45518044	0.42972535	0.23318714	0.44285715	0.2240082	0.43483275	0.24673508	0.44929245	0.46209678	0.23121984	0.23505536	0.22024952	0.22233677	0.22132471	0.22039942	0.22384219	0.22801302	0.21649484	0.21695594	0.22295952	0.23824786	0.22311452	0.22578616	0.2366448	0.22330448	0.43612078	0.22167139	0.45705968	0.41845495	0.44627595	0.29733726	0.29647887	0.30056578	0.47654462	0.48354143	0.47052154	0.46782178	0.49121845	0.47406512	0.47374302	0.47230113	0.48156425	0.48752835	0.47413793	0.45410156	0.46327683	0.45405406
A09_CBRY8ANXX_6_Tipulid_A09_X5	0.22325408	0.19878224	0.22507022	0.19635628	0.23465067	0.2226051	0.20238096	0.19965157	0.0	0.1905434	0.21408647	0.20724842	0.22834645	0.20690884	0.22832167	0.22322671	0.22507331	0.22770701	0.43846154	0.22983871	0.22058824	0.18954249	0.23709902	0.23886926	0.22999223	0.24214876	0.23580939	0.23933102	0.25188252	0.23021336	0.22843723	0.24227528	0.2415493	0.21818836	0.24050634	0.2857143	0.22879617	0.22727273	0.35	0.22899409	0.23524305	0.23251748	0.22525951	0.238437	0.2326923	0.45879558	0.22551093	0.44766507	0.4492848	0.43694493	0.22966692	0.44772726	0.22813411	0.44285715	0.2382353	0.44518715	0.45124114	0.22906046	0.23924941	0.20242915	0.22413793	0.21052632	0.22623575	0.23572077	0.22058824	0.2712766	0.22158685	0.2266289	0.23186813	0.2236842	0.21537484	0.22916667	0.22354294	0.43758214	0.22171602	0.46885246	0.4266055	0.44337016	0.31178397	0.30775318	0.31190476	0.4559014	0.46683672	0.44713375	0.4526099	0.46964064	0.46185285	0.45220125	0.45285934	0.45605096	0.46683672	0.43977055	0.4199134	0.4312115	0.43664122
A10_CBRY8ANXX_6_Tipulid_A10_X5	0.22505307	0.19597818	0.22170748	0.19623233	0.22473404	0.21712239	0.19672132	0.2030323	0.1905434	0.0	0.21494102	0.19913563	0.21321526	0.19952893	0.22630881	0.21817586	0.21991555	0.22187981	0.43712574	0.22980183	0.20444915	0.19386332	0.23200262	0.23233333	0.22483468	0.23173606	0.22534746	0.23076923	0.23966643	0.2292348	0.22653061	0.23035952	0.23866667	0.21496925	0.2572899	0.2867868	0.22895078	0.22797579	0.6666667	0.22844344	0.23821549	0.21442623	0.22973856	0.25268817	0.22834158	0.45408162	0.21789753	0.45252225	0.4557783	0.429402	0.22004437	0.4528302	0.21814404	0.44457546	0.24226804	0.45410627	0.45371902	0.22771251	0.23793615	0.20611057	0.21870653	0.20089285	0.22094691	0.22467533	0.21785422	0.23958333	0.22109534	0.22491583	0.22515856	0.21448763	0.22201258	0.21954674	0.2239736	0.44405183	0.22517985	0.46971935	0.40425533	0.4501868	0.29268292	0.29297996	0.29305354	0.48126465	0.4860789	0.4627907	0.4672544	0.4881757	0.4808642	0.4695052	0.48153618	0.4793341	0.48133022	0.46961805	0.45436892	0.45454547	0.4524138
A11_CBRY8ANXX_6_Tipulid_A11_X5	0.20565908	0.21462107	0.21168831	0.22023347	0.21901639	0.21962915	0.22081712	0.2195836	0.21408647	0.21494102	0.0	0.21656881	0.21824867	0.22255489	0.21516927	0.22125323	0.22106722	0.2218443	0.4515504	0.22264151	0.24395373	0.21227708	0.22908624	0.2260184	0.22971015	0.23273855	0.22727273	0.23790777	0.23445319	0.2236842	0.22052927	0.22560576	0.22700395	0.21702558	0.25343642	0.25373134	0.22250476	0.23127899	0.2777778	0.21955307	0.23636363	0.22096774	0.22001283	0.23587786	0.24634147	0.45833334	0.21124919	0.44023323	0.45402297	0.43042073	0.22704081	0.45436105	0.22721088	0.4386468	0.23382625	0.45395514	0.46394232	0.21998636	0.24083577	0.21222329	0.21251719	0.2116	0.21133286	0.22179487	0.21781376	0.234375	0.22026578	0.2230311	0.22842105	0.22059847	0.22431077	0.22650376	0.22126436	0.43901035	0.2248062	0.4631503	0.44323143	0.4439759	0.29117647	0.29485396	0.2971831	0.4572893	0.46460673	0.44725028	0.4404908	0.46296296	0.45258102	0.45177382	0.47079772	0.45953438	0.46015713	0.45663264	0.43007663	0.44454715	0.44264507
A12_CBRY8ANXX_6_Tipulid_A12_X5	0.2246326	0.19459459	0.21639344	0.20521806	0.22929092	0.21382429	0.19737706	0.20314547	0.20724842	0.19913563	0.21656881	0.0	0.20875421	0.19312875	0.22335526	0.20770738	0.22252937	0.21732523	0.4227723	0.22824427	0.21137787	0.19690722	0.22425033	0.22576362	0.22406182	0.2244739	0.21956806	0.20949721	0.2332621	0.23354839	0.21532258	0.22980958	0.24042273	0.21835232	0.2440273	0.2720588	0.22919334	0.22192691	0.375	0.23085585	0.22402328	0.21604939	0.21937783	0.23292868	0.23489518	0.45750707	0.2166998	0.4507353	0.45707658	0.4376013	0.22918202	0.44534412	0.2297668	0.4457275	0.23562153	0.45422116	0.4619741	0.22764787	0.23540281	0.19912791	0.2114462	0.21394037	0.21848138	0.21761657	0.21831562	0.26041666	0.21714476	0.21816976	0.23473684	0.21513665	0.22778474	0.22959183	0.21521269	0.4460727	0.22048365	0.4606414	0.4525862	0.44827586	0.2909226	0.29261363	0.2957143	0.48096886	0.48861048	0.46498278	0.46370465	0.49055555	0.47563946	0.47629797	0.48931623	0.4835787	0.4879725	0.47469458	0.45009786	0.46461824	0.4650685
B01_CBRY8ANXX_6_Tipulid_B01_X5	0.2130621	0.2201803	0.21093225	0.22559056	0.2	0.19335549	0.22020201	0.22061786	0.22834645	0.21321526	0.21824867	0.20875421	0.0	0.2069435	0.21866576	0.21084337	0.19744319	0.21158302	0.41919193	0.21534847	0.22523962	0.209993	0.22044088	0.22169168	0.22468117	0.22665602	0.21587089	0.2422503	0.24359912	0.22775565	0.21463816	0.23133826	0.23986487	0.21423635	0.25131348	0.25981873	0.22397892	0.21915473	0.2	0.22286375	0.21045919	0.21409486	0.20863788	0.23761609	0.2354798	0.44100294	0.20805143	0.43607306	0.4322542	0.40968803	0.22121896	0.40862423	0.22108604	0.4259928	0.23215985	0.4339506	0.4424704	0.21272084	0.22322775	0.1994077	0.20627645	0.2005814	0.21365638	0.2113857	0.21131447	0.24479167	0.20967741	0.21111868	0.24190065	0.20758122	0.21966794	0.24501425	0.21138212	0.42675546	0.20869882	0.43740457	0.37991267	0.42811704	0.2808642	0.28330892	0.28655836	0.45465395	0.45990565	0.4528302	0.43976685	0.46931818	0.45169386	0.4493007	0.46438953	0.45774648	0.45626476	0.43794325	0.40618762	0.4278846	0.43304843
B02_CBRY8ANXX_6_Tipulid_B02_X5	0.21974522	0.19725086	0.21480988	0.20313725	0.22751859	0.21743421	0.20272969	0.2055703	0.20690884	0.19952893	0.22255489	0.19312875	0.2069435	0.0	0.22837022	0.21504307	0.21670191	0.22615385	0.4317719	0.23136646	0.20837753	0.19673838	0.22952443	0.23511502	0.22554144	0.2256532	0.22277889	0.21584386	0.24963716	0.23438527	0.21962233	0.23313293	0.24095175	0.20950103	0.23251748	0.2751479	0.23202614	0.21775827	0.29166666	0.22247706	0.23302206	0.21765096	0.218853	0.2396631	0.23129676	0.45132744	0.2163624	0.44104478	0.45743406	0.43474716	0.23330833	0.43396226	0.22803935	0.44047618	0.23886256	0.45465687	0.47394958	0.22265077	0.23143286	0.2102439	0.21793973	0.20867431	0.21735959	0.21842106	0.22949462	0.2525773	0.21174863	0.21843348	0.2338362	0.21326676	0.22961104	0.2338403	0.21297655	0.43561974	0.21184593	0.45419848	0.4090909	0.4427481	0.29141566	0.29322767	0.29565218	0.4702381	0.47582546	0.45529413	0.45624197	0.47428572	0.46153846	0.46051103	0.47283408	0.46693736	0.46889672	0.45340502	0.4382716	0.44563106	0.43045896
B03_CBRY8ANXX_6_Tipulid_B03_X5	0.21722455	0.22801082	0.21100917	0.23872472	0.23348746	0.22193548	0.2293578	0.22804718	0.22832167	0.22630881	0.21516927	0.22335526	0.21866576	0.22837022	0.0	0.21834204	0.21532594	0.2153729	0.4243615	0.21591775	0.25367647	0.22580644	0.22591145	0.22865652	0.22259013	0.23076923	0.21245901	0.23582767	0.23085183	0.23546511	0.21902834	0.22682446	0.23397224	0.22079676	0.23090278	0.24179104	0.23721227	0.22211088	0.25	0.23306997	0.23093043	0.21740548	0.2251292	0.26120555	0.24412856	0.4503546	0.21597633	0.4406657	0.44788086	0.43006432	0.22703893	0.42813143	0.22203158	0.4387872	0.23311445	0.45005876	0.45249596	0.22836539	0.22583026	0.21083172	0.22156727	0.21832123	0.2172043	0.21465518	0.23004887	0.26288658	0.22337575	0.22096881	0.26054853	0.22093023	0.21785268	0.24155723	0.20899281	0.4255814	0.2215505	0.4456522	0.42094016	0.44214374	0.2839233	0.28349787	0.2869318	0.44457144	0.46097285	0.44526795	0.44465175	0.46035242	0.4486715	0.44537348	0.4565527	0.45515695	0.45620024	0.4563356	0.4137255	0.43173432	0.43360433
B04_CBRY8ANXX_6_Tipulid_B04_X5	0.21453287	0.2145259	0.2090909	0.21776062	0.21686351	0.203135	0.21419314	0.2179987	0.22322671	0.21817586	0.22125323	0.20770738	0.21084337	0.21504307	0.21834204	0.0	0.21221532	0.21822995	0.4124016	0.21818182	0.24791232	0.21604095	0.22326031	0.21760471	0.21723388	0.22618125	0.20857699	0.2367531	0.23701067	0.22700964	0.21485944	0.2292348	0.23982939	0.21155138	0.2652027	0.27893174	0.22063492	0.22038385	0.33333334	0.22265625	0.22139303	0.21271788	0.21644187	0.24358974	0.22564735	0.44569817	0.20563196	0.43541363	0.43570608	0.4107717	0.22226277	0.43002027	0.22070844	0.4235632	0.23698884	0.4443794	0.46209678	0.21942934	0.23661041	0.21140939	0.21374829	0.21279164	0.21514936	0.21759656	0.22433306	0.20618556	0.21049137	0.217205	0.2379455	0.22094642	0.2132262	0.2341418	0.22114696	0.43425605	0.22245763	0.44775036	0.40966386	0.42952612	0.28718704	0.28531468	0.29213482	0.45909092	0.46184063	0.4511236	0.43965518	0.46710527	0.45487365	0.45444444	0.45649073	0.45926338	0.4632353	0.4614726	0.43256262	0.44341373	0.4391892
B05_CBRY8ANXX_6_Tipulid_B05_X5	0.21203229	0.22492836	0.22369339	0.2240129	0.21008404	0.19220246	0.2184466	0.22727273	0.22507331	0.21991555	0.22106722	0.22252937	0.19744319	0.21670191	0.21532594	0.21221532	0.0	0.2266244	0.40976647	0.21388216	0.23165388	0.22483708	0.22786999	0.23087719	0.2191358	0.23161764	0.2333795	0.25559482	0.23992537	0.22624743	0.2188823	0.23314802	0.23704481	0.21635978	0.24954791	0.25920245	0.2295193	0.22538678	0.4090909	0.23995271	0.22362685	0.2202628	0.21614227	0.2429022	0.24582799	0.43615386	0.22578397	0.42610064	0.4379747	0.42478633	0.21838635	0.42682928	0.23124544	0.41947564	0.23655914	0.44178525	0.44589877	0.216	0.23663826	0.20183486	0.21137026	0.20382978	0.21990916	0.23360656	0.21681035	0.2311828	0.21651311	0.21918768	0.23369566	0.2165676	0.22115384	0.23832685	0.22720307	0.42538264	0.2323997	0.42810985	0.4059633	0.43147898	0.2757235	0.27647975	0.27890626	0.45859474	0.4621588	0.454602	0.43792173	0.46969697	0.45066667	0.4562808	0.4611872	0.46728396	0.45294857	0.45260224	0.42407808	0.44076306	0.43562874
B06_CBRY8ANXX_6_Tipulid_B06_X5	0.22320709	0.21567106	0.20747522	0.22782609	0.20724191	0.21299775	0.22994652	0.21768707	0.22770701	0.22187981	0.2218443	0.21732523	0.21158302	0.22615385	0.2153729	0.21822995	0.2266244	0.0	0.38732395	0.20636998	0.22965117	0.23315047	0.19306184	0.19723715	0.20698254	0.22202644	0.20545869	0.24106042	0.21504065	0.21669161	0.20495495	0.21064639	0.2195122	0.20023237	0.22168906	0.26490065	0.21854058	0.215	0.375	0.21714643	0.21296297	0.21962264	0.20764618	0.20392491	0.2170699	0.41331	0.20498085	0.40518785	0.4132948	0.39443377	0.20889261	0.40853658	0.21091908	0.4030612	0.21221532	0.41764706	0.4274354	0.2260111	0.2195122	0.21367061	0.21912351	0.22359963	0.2128268	0.19660194	0.21692877	0.22826087	0.2102405	0.20910494	0.23690204	0.20836686	0.22222222	0.22746114	0.20260067	0.40193164	0.2039801	0.4250457	0.3604061	0.41153845	0.25989208	0.25831875	0.26086956	0.42638484	0.43874645	0.41919193	0.41435185	0.44645342	0.42331287	0.4268466	0.43127146	0.43490702	0.42971015	0.42252067	0.42028984	0.41648108	0.41206896
B07_CBRY8ANXX_6_Tipulid_B07_X5	0.41860464	0.42765957	0.41453832	0.41624364	0.441	0.4118774	0.43359375	0.43346378	0.43846154	0.43712574	0.4515504	0.4227723	0.41919193	0.4317719	0.4243615	0.4124016	0.40976647	0.38732395	0.0	0.4229025	0.43537414	0.41517857	0.44573644	0.4333996	0.4174312	0.41161618	0.43846154	0.35892117	0.42009133	0.43339768	0.42191437	0.43836978	0.4397233	0.40946501	0.46153846	0.5042373	0.42816636	0.42771083	0.25	0.4812734	0.4100529	0.43365383	0.4303675	0.38388625	0.4341564	0.06427015	0.4224652	0.05821918	0.07272727	0.06048387	0.41538462	0.07204611	0.421	0.06613226	0.4124294	0.07613169	0.06377551	0.3976546	0.43541202	0.4056886	0.43464053	0.39566395	0.39330545	0.39095744	0.4059406	0.57894737	0.43032786	0.41	0.3560606	0.39789474	0.33333334	0.40923566	0.3731656	0.07979798	0.3908524	0.07174393	0.08169935	0.062370062	0.2640118	0.26203966	0.25972223	0.22639485	0.19874477	0.21325052	0.2239819	0.22530864	0.20942983	0.2045929	0.20182292	0.23084886	0.21035941	0.21176471	0.1971831	0.1815562	0.23414634
B08_CBRY8ANXX_6_Tipulid_B08_X5	0.22257552	0.22004698	0.22053231	0.24222222	0.21636085	0.2150901	0.23901515	0.22488585	0.22983871	0.22980183	0.22264151	0.22824427	0.21534847	0.23136646	0.21591775	0.21818182	0.21388216	0.20636998	0.4229025	0.0	0.24095023	0.22164537	0.22180167	0.2199074	0.21214642	0.21998248	0.22037736	0.23329283	0.22462562	0.2387218	0.21980461	0.2229885	0.23115385	0.2076438	0.20561594	0.250774	0.23641102	0.23651771	0.35714287	0.22432113	0.23354661	0.22356495	0.22703314	0.217496	0.21830066	0.42314488	0.2148318	0.44659302	0.44074073	0.40526316	0.22663358	0.4292683	0.21001554	0.42898974	0.23485601	0.43282443	0.44444445	0.22121452	0.22487438	0.19174504	0.2092	0.21823205	0.20823342	0.2054409	0.220072	0.22674419	0.21362229	0.20987654	0.21412556	0.22186752	0.21197847	0.21953781	0.21223629	0.43879056	0.21851853	0.44723183	0.4027027	0.45193797	0.28853384	0.29770318	0.296875	0.46870452	0.47270116	0.46298984	0.46307692	0.47478992	0.46541354	0.45685998	0.46252286	0.4721826	0.47460088	0.46595743	0.43777293	0.43995634	0.43
B09_CBRY8ANXX_6_Tipulid_B09_X5	0.25297943	0.21075268	0.24764891	0.20754717	0.24630801	0.22599165	0.21907757	0.21391213	0.22058824	0.20444915	0.24395373	0.21137787	0.22523962	0.20837753	0.25367647	0.24791232	0.23165388	0.22965117	0.43537414	0.24095023	0.0	0.21055496	0.24503657	0.24814422	0.24189945	0.24054983	0.24297607	0.23853211	0.2558011	0.25180972	0.22086248	0.25602093	0.25655824	0.23031284	0.2483146	0.25375938	0.2520661	0.25448784	0.4090909	0.23529412	0.25531915	0.23643006	0.2458159	0.26447105	0.22301587	0.46033993	0.23700954	0.44791666	0.44723618	0.4243421	0.23385301	0.43050194	0.24498416	0.44949496	0.24525917	0.4483627	0.47943038	0.24271844	0.24215247	0.21087533	0.22516198	0.23616236	0.23612623	0.21821515	0.23606168	0.24666667	0.22867803	0.23675847	0.22715054	0.22342733	0.24290484	0.26066667	0.22569445	0.44913152	0.2337884	0.46587536	0.41666666	0.45921052	0.31044775	0.3240469	0.3295129	0.4620253	0.48296836	0.47022334	0.48412699	0.48923445	0.4921466	0.47330096	0.47859326	0.48891625	0.49026763	0.47377622	0.47122303	0.49833333	0.4598854
B10_CBRY8ANXX_6_Tipulid_B10_X5	0.21856725	0.18461539	0.22517242	0.19148089	0.22680056	0.21404342	0.20136987	0.19945168	0.18954249	0.19386332	0.21227708	0.19690722	0.209993	0.19673838	0.22580644	0.21604095	0.22483708	0.23315047	0.41517857	0.22164537	0.21055496	0.0	0.24217688	0.23910035	0.23091602	0.22936893	0.23209366	0.2361111	0.2524092	0.23471467	0.22860739	0.24035813	0.24462178	0.22183345	0.25629497	0.26242235	0.23306505	0.22648084	0.2777778	0.22786304	0.23918685	0.22416154	0.23082145	0.24920382	0.2359694	0.4423676	0.223566	0.4456693	0.4490566	0.43485618	0.23221117	0.4287257	0.22041847	0.43726474	0.23828125	0.4473684	0.44800693	0.22691482	0.2261171	0.1993988	0.21510792	0.21248952	0.2154717	0.23416592	0.2161702	0.20618556	0.22303921	0.22449687	0.23152174	0.21960206	0.21082802	0.22627038	0.21963331	0.4387755	0.22147651	0.44622794	0.41555557	0.44121534	0.27971473	0.28744328	0.2825421	0.46906567	0.48014888	0.45724908	0.4624161	0.47839135	0.4714854	0.46943766	0.4718845	0.4766871	0.4764268	0.45973784	0.40700218	0.44421905	0.45166162
B11_CBRY8ANXX_6_Tipulid_B11_X5	0.22536182	0.2283992	0.21335927	0.23470178	0.21778941	0.22396167	0.22741936	0.22517845	0.23709902	0.23200262	0.22908624	0.22425033	0.22044088	0.22952443	0.22591145	0.22326031	0.22786999	0.19306184	0.44573644	0.22180167	0.24503657	0.24217688	0.0	0.13946684	0.2110951	0.21829362	0.21021992	0.23460247	0.22088069	0.22869955	0.2052927	0.21740548	0.23267974	0.21137124	0.25675675	0.25953078	0.23035488	0.22438863	0.42857143	0.24170354	0.22107439	0.21814671	0.20614597	0.21762048	0.22087379	0.46988794	0.20879479	0.46599132	0.46921322	0.44453377	0.21552975	0.45612246	0.23069106	0.45371428	0.2401104	0.4705536	0.47826087	0.22644068	0.2284041	0.21898855	0.22241262	0.2253012	0.21782178	0.20237087	0.22508039	0.23958333	0.21713148	0.22053982	0.24421053	0.20726644	0.23287672	0.23109244	0.22437276	0.45454547	0.22284909	0.47270116	0.4212766	0.46754807	0.28592375	0.29056865	0.29497907	0.4700903	0.48434004	0.47121897	0.46654502	0.48476604	0.47727272	0.4766147	0.48439717	0.47608453	0.4819209	0.47435898	0.44903848	0.44852942	0.4493243
B12_CBRY8ANXX_6_Tipulid_B12_X5	0.22988103	0.22696246	0.21315268	0.24156862	0.226	0.22005208	0.23812665	0.22538003	0.23886926	0.23233333	0.2260184	0.22576362	0.22169168	0.23511502	0.22865652	0.21760471	0.23087719	0.19723715	0.4333996	0.2199074	0.24814422	0.23910035	0.13946684	0.0	0.20683321	0.21690032	0.21357943	0.23734534	0.22082132	0.23387623	0.21136549	0.22192691	0.23171543	0.21136828	0.25169492	0.2581121	0.22858983	0.22080536	0.35714287	0.24042793	0.21589018	0.21916011	0.20808871	0.21927163	0.22297297	0.46209913	0.21239232	0.45970148	0.46077284	0.4440843	0.2239354	0.446875	0.22931035	0.44764706	0.2453271	0.46394232	0.48934427	0.22617403	0.22991072	0.22094141	0.22342658	0.2308632	0.21825397	0.2058059	0.22985198	0.22916667	0.21891892	0.21939799	0.24732333	0.2141849	0.23052764	0.23127341	0.22634643	0.44864225	0.22704448	0.46627566	0.42857143	0.45698255	0.28744328	0.28969958	0.2933526	0.47444832	0.484375	0.46736598	0.4627995	0.48083428	0.47727272	0.47257143	0.48156342	0.48045978	0.47838786	0.4709507	0.448	0.45210728	0.4576389
C01_CBRY8ANXX_6_Tipulid_C01_X5	0.23003072	0.2271021	0.2148067	0.24017094	0.22426471	0.21635312	0.22476397	0.2355099	0.22999223	0.22483468	0.22971015	0.22406182	0.22468117	0.22554144	0.22259013	0.21723388	0.2191358	0.20698254	0.4174312	0.21214642	0.24189945	0.23091602	0.2110951	0.20683321	0.0	0.19983347	0.2189781	0.23574822	0.22882026	0.22314347	0.209622	0.22417583	0.22095588	0.21018867	0.23482142	0.24539877	0.21852647	0.20355292	0.6666667	0.20165095	0.22731316	0.1969697	0.22214182	0.22705314	0.2302205	0.43944636	0.219163	0.42768958	0.43235704	0.4114786	0.2168	0.4170616	0.22403336	0.41888112	0.2363996	0.43509272	0.43907157	0.22344461	0.24089068	0.21917099	0.22511485	0.2180053	0.22519685	0.21343146	0.22265966	0.27173913	0.22361624	0.22448225	0.24017467	0.22046332	0.22486773	0.23901941	0.21819645	0.42318437	0.22434367	0.45017183	0.4178744	0.41436866	0.2883598	0.28726968	0.29327732	0.4483961	0.45741758	0.43430153	0.44052863	0.45794392	0.44892088	0.44647697	0.45477816	0.45844686	0.44958565	0.4537037	0.41950113	0.42580646	0.42084005
C02_CBRY8ANXX_6_Tipulid_C02_X5	0.23510204	0.23376103	0.23158307	0.24178833	0.24021909	0.2217525	0.23478939	0.2364341	0.24214876	0.23173606	0.23273855	0.2244739	0.22665602	0.2256532	0.23076923	0.22618125	0.23161764	0.22202644	0.41161618	0.21998248	0.24054983	0.22936893	0.21829362	0.21690032	0.19983347	0.0	0.22826087	0.2433735	0.2520903	0.22128637	0.16651785	0.24297972	0.23380172	0.21297038	0.24172795	0.18225807	0.21981777	0.1927287	0.6666667	0.21943766	0.22685185	0.20508866	0.22748268	0.23743922	0.19069463	0.43844697	0.22014052	0.44433782	0.43380064	0.42588726	0.22455846	0.437018	0.22563897	0.42944786	0.24846625	0.4313099	0.43008474	0.23609991	0.23722316	0.2022293	0.22705314	0.22346368	0.23029046	0.22318007	0.22897623	0.2529412	0.22028527	0.23233908	0.23830736	0.22244732	0.23780487	0.25106156	0.22107969	0.43220338	0.22711864	0.44756556	0.380829	0.43425325	0.28871894	0.28610107	0.29038113	0.45960367	0.46265244	0.4544753	0.44680852	0.46508172	0.46554488	0.45495495	0.46421662	0.4570552	0.46671826	0.4542334	0.42493945	0.44103774	0.44017857
C03_CBRY8ANXX_6_Tipulid_C03_X5	0.22980501	0.2230821	0.21470588	0.23698524	0.2175346	0.22021893	0.22721355	0.22988881	0.23580939	0.22534746	0.22727273	0.21956806	0.21587089	0.22277889	0.21245901	0.20857699	0.2333795	0.20545869	0.43846154	0.22037736	0.24297607	0.23209366	0.21021992	0.21357943	0.2189781	0.22826087	0.0	0.2241573	0.22019985	0.22358248	0.2110573	0.21442623	0.23104812	0.2018194	0.2385399	0.28382352	0.21942675	0.21949603	0.41666666	0.21300448	0.20290457	0.21840571	0.20502901	0.22829342	0.22799511	0.4536517	0.20597897	0.4400289	0.43836406	0.41801947	0.22076024	0.44421905	0.21491826	0.4401611	0.22421731	0.4468713	0.46221864	0.22142857	0.22275405	0.21971154	0.21763085	0.22127831	0.22012803	0.19775476	0.22510122	0.25510204	0.21061414	0.21433312	0.24318658	0.21358885	0.22022332	0.23485555	0.2064353	0.4414832	0.21011396	0.46103895	0.40393013	0.44275275	0.30661765	0.30422536	0.31170663	0.45933563	0.4673055	0.4536199	0.44665012	0.46597147	0.45646918	0.45479912	0.46022728	0.4618834	0.4654195	0.45470086	0.4298077	0.44516727	0.4419399
C04_CBRY8ANXX_6_Tipulid_C04_X5	0.24941589	0.22437358	0.22711864	0.23433584	0.25646794	0.23681258	0.24042793	0.22485876	0.23933102	0.23076923	0.23790777	0.20949721	0.2422503	0.21584386	0.23582767	0.2367531	0.25559482	0.24106042	0.35892117	0.23329283	0.23853211	0.2361111	0.23460247	0.23734534	0.23574822	0.2433735	0.2241573	0.0	0.23195267	0.2536313	0.22901234	0.23137698	0.2449095	0.22576967	0.21065375	0.24115044	0.25415283	0.25227273	0.25	0.2274168	0.25031927	0.24044944	0.23176207	0.23367347	0.22260274	0.39583334	0.24404086	0.38831615	0.4027778	0.36567163	0.23946136	0.38445377	0.24629419	0.40220386	0.23605442	0.4066092	0.39554796	0.23515716	0.23978366	0.21572872	0.23372093	0.23650385	0.23130842	0.20747423	0.23647799	0.24647887	0.22835991	0.2311586	0.22142857	0.22748268	0.23409894	0.2349138	0.22509457	0.40114614	0.2271605	0.4453125	0.36752138	0.3976261	0.2451923	0.24924472	0.2584098	0.43137255	0.45070422	0.4255618	0.41788855	0.43648648	0.4281609	0.44060773	0.43074325	0.44305557	0.44366196	0.42382812	0.40041494	0.4137255	0.40836012
C05_CBRY8ANXX_6_Tipulid_C05_X5	0.25056946	0.23235294	0.23079684	0.25430682	0.23429602	0.24382499	0.24216524	0.23751783	0.25188252	0.23966643	0.23445319	0.2332621	0.24359912	0.24963716	0.23085183	0.23701067	0.23992537	0.21504065	0.42009133	0.22462562	0.2558011	0.2524092	0.22088069	0.22082132	0.22882026	0.2520903	0.22019985	0.23195267	0.0	0.18408135	0.22848538	0.12508859	0.1712963	0.22331154	0.23513012	0.2540453	0.19979079	0.24854651	0.36363637	0.25030228	0.23761062	0.22503567	0.23312236	0.22920065	0.24028498	0.43278688	0.2245702	0.4368687	0.43716216	0.4190909	0.24053627	0.43967518	0.24176647	0.42914438	0.23689516	0.4384509	0.43831775	0.24270755	0.25240386	0.24205129	0.2360179	0.23534483	0.23375098	0.22007367	0.24514991	0.23684211	0.23684211	0.23239942	0.25604397	0.22434916	0.25	0.24925816	0.22025217	0.43032786	0.2245927	0.44974002	0.40697673	0.43487698	0.31135225	0.3116987	0.31350482	0.46261683	0.47152317	0.4537037	0.45200574	0.47293815	0.45833334	0.4620915	0.46784565	0.47440946	0.47273937	0.46492985	0.43939394	0.43870968	0.44301766
C06_CBRY8ANXX_6_Tipulid_C06_X5	0.23266988	0.2330452	0.22885732	0.24289009	0.22863667	0.2302799	0.23518041	0.22853453	0.23021336	0.2292348	0.2236842	0.23354839	0.22775565	0.23438527	0.23546511	0.22700964	0.22624743	0.21669161	0.43339768	0.2387218	0.25180972	0.23471467	0.22869955	0.23387623	0.22314347	0.22128637	0.22358248	0.2536313	0.18408135	0.0	0.23272438	0.17578879	0.16827853	0.22406915	0.2762712	0.24188791	0.14558548	0.21353482	0.45833334	0.23701657	0.23054872	0.20953295	0.22236341	0.243994	0.23786408	0.45874125	0.22102864	0.45617816	0.45649716	0.44707742	0.2384058	0.44567403	0.22944744	0.43913537	0.23879232	0.46037295	0.4563492	0.23258959	0.2447196	0.22839506	0.22922343	0.21439937	0.21569318	0.22495756	0.22891566	0.25773194	0.22310232	0.22596468	0.2400835	0.2173913	0.22379778	0.24791473	0.2217885	0.44558993	0.22564821	0.46700144	0.41525424	0.4562874	0.29373178	0.29846582	0.30196628	0.47068772	0.47430167	0.46304592	0.45299146	0.482684	0.46718377	0.4658214	0.47013888	0.47508305	0.4782123	0.46859083	0.44123313	0.4537037	0.44708276
C07_CBRY8ANXX_6_Tipulid_C07_X5	0.22109705	0.21493776	0.21521036	0.2283721	0.23176661	0.2122905	0.230178	0.2253635	0.22843723	0.22653061	0.22052927	0.21532258	0.21463816	0.21962233	0.21902834	0.21485944	0.2188823	0.20495495	0.42191437	0.21980461	0.22086248	0.22860739	0.2052927	0.21136549	0.209622	0.16651785	0.2110573	0.22901234	0.22848538	0.23272438	0.0	0.22302738	0.2369268	0.19892026	0.21962617	0.23452769	0.2304038	0.2176039	0.375	0.21606475	0.20543374	0.2104	0.20769848	0.22636816	0.16288385	0.43713164	0.20813008	0.437251	0.4394693	0.41723356	0.21385017	0.42670158	0.20753935	0.42508143	0.23354232	0.44387755	0.44310722	0.23637888	0.22569135	0.20076586	0.20931208	0.21689059	0.20344828	0.19550343	0.22410546	0.19767442	0.20252648	0.21102041	0.2125	0.19907795	0.22638889	0.23202614	0.2151111	0.4275	0.22128975	0.4556213	0.3653846	0.44163764	0.31337327	0.31096408	0.3011257	0.45833334	0.45307443	0.44918033	0.43891796	0.47231013	0.46213424	0.45614034	0.46191406	0.46925566	0.4473684	0.43026003	0.4073107	0.4351621	0.43276516
C08_CBRY8ANXX_6_Tipulid_C08_X5	0.2386443	0.22165991	0.2222587	0.24379845	0.22875166	0.2367228	0.24115334	0.23195538	0.24227528	0.23035952	0.22560576	0.22980958	0.23133826	0.23313293	0.22682446	0.2292348	0.23314802	0.21064639	0.43836978	0.2229885	0.25602093	0.24035813	0.21740548	0.22192691	0.22417583	0.24297972	0.21442623	0.23137698	0.12508859	0.17578879	0.22302738	0.0	0.16556945	0.2145259	0.24610052	0.25519288	0.19545746	0.23513694	0.375	0.24776286	0.23427153	0.21917808	0.22286822	0.23292868	0.23551172	0.45624104	0.22075348	0.44230768	0.45290697	0.43218955	0.23274596	0.44409937	0.22942387	0.43589744	0.232493	0.45186523	0.45623988	0.24086836	0.24722016	0.23577628	0.23044983	0.22965351	0.22393961	0.20948276	0.22920065	0.2113402	0.2261745	0.22381587	0.25527427	0.22039244	0.24625935	0.25492957	0.2167149	0.44712102	0.22206406	0.4630724	0.41163793	0.45229244	0.30637982	0.3125884	0.31241083	0.46109176	0.4695752	0.4549133	0.44881397	0.4621802	0.4528764	0.459887	0.45827338	0.46294186	0.46954024	0.4516696	0.43405512	0.43173078	0.4373259
C09_CBRY8ANXX_6_Tipulid_C09_X5	0.23438597	0.23589395	0.23796968	0.24766356	0.22918054	0.23292127	0.2389875	0.24325214	0.2415493	0.23866667	0.22700395	0.24042273	0.23986487	0.24095175	0.23397224	0.23982939	0.23704481	0.2195122	0.4397233	0.23115385	0.25655824	0.24462178	0.23267974	0.23171543	0.22095588	0.23380172	0.23104812	0.2449095	0.1712963	0.16827853	0.2369268	0.16556945	0.0	0.22518569	0.24352331	0.251497	0.18228498	0.22800538	0.41666666	0.23076923	0.23833333	0.21756226	0.23129474	0.24432677	0.25123456	0.46280402	0.23373175	0.454142	0.45682615	0.45358306	0.24039882	0.4378819	0.24017918	0.4355217	0.23713751	0.46014494	0.45785123	0.23531444	0.25296736	0.22385141	0.23039556	0.22487845	0.2224225	0.22275087	0.23789991	0.24226804	0.23448043	0.23279893	0.23890063	0.22515856	0.24533	0.24742751	0.22507225	0.44483986	0.22824536	0.46865672	0.41416308	0.4535891	0.31006005	0.31857765	0.31924197	0.47082847	0.47392815	0.4567474	0.460199	0.48372614	0.46790123	0.46742857	0.47338128	0.47477064	0.47745666	0.47680414	0.444	0.45170453	0.44909343
C10_CBRY8ANXX_6_Tipulid_C10_X5	0.20901933	0.2058212	0.20283976	0.22187254	0.21414004	0.21438083	0.21438172	0.2153432	0.21818836	0.21496925	0.21702558	0.21835232	0.21423635	0.20950103	0.22079676	0.21155138	0.21635978	0.20023237	0.40946501	0.2076438	0.23031284	0.22183345	0.21137124	0.21136828	0.21018867	0.21297038	0.2018194	0.22576967	0.22331154	0.22406915	0.19892026	0.2145259	0.22518569	0.0	0.18881118	0.24035609	0.22148979	0.2124743	0.36363637	0.21067739	0.2147737	0.21423775	0.20413609	0.19874804	0.20812182	0.43970588	0.1979661	0.42458522	0.43264562	0.41612378	0.21498494	0.41577825	0.21797594	0.417983	0.22579099	0.43742254	0.4464883	0.21468729	0.22779043	0.20059289	0.20509194	0.20240067	0.2117084	0.19734514	0.21566164	0.28350514	0.2054558	0.20422056	0.23922414	0.20418471	0.21219823	0.2215428	0.21264793	0.41982865	0.2140235	0.4376923	0.38325992	0.41935483	0.2800926	0.2830609	0.28645834	0.45405078	0.4527512	0.4406176	0.43164062	0.450116	0.45165396	0.4399767	0.4530103	0.44817433	0.4513221	0.4432624	0.4126819	0.42465752	0.42313218
C11_CBRY8ANXX_6_Tipulid_C11_X5	0.26595744	0.22638147	0.25215146	0.27623764	0.23924269	0.24829352	0.24140893	0.24310344	0.24050634	0.2572899	0.25343642	0.2440273	0.25131348	0.23251748	0.23090278	0.2652027	0.24954791	0.22168906	0.46153846	0.20561594	0.2483146	0.25629497	0.25675675	0.25169492	0.23482142	0.24172795	0.2385399	0.21065375	0.23513012	0.2762712	0.21962617	0.24610052	0.24352331	0.18881118	0.0	0.23809524	0.26806724	0.2620275	0.4375	0.2090909	0.27324477	0.24747474	0.25853243	0.22781065	0.24939173	0.4679803	0.23529412	0.5102041	0.44893616	0.4351852	0.24156305	0.44805196	0.25636673	0.44298247	0.24501993	0.47149122	0.50564975	0.2372134	0.24220183	0.20886075	0.22719142	0.24048096	0.24651568	0.21608527	0.2704762	0.27173913	0.24340948	0.23367697	0.2992126	0.2265625	0.24860336	0.23969631	0.22423664	0.4585153	0.23908919	0.47142857	0.53125	0.46559632	0.2964824	0.3207547	0.32648402	0.4638009	0.47123894	0.45043105	0.45812806	0.4517544	0.47685185	0.47844827	0.48033708	0.4573991	0.48237884	0.45625	0.48265895	0.4702381	0.42892158
C12_CBRY8ANXX_6_Tipulid_C12_X5	0.26006192	0.2859375	0.2751479	0.25432527	0.28293413	0.2646199	0.26347306	0.26911765	0.2857143	0.2867868	0.25373134	0.2720588	0.25981873	0.2751479	0.24179104	0.27893174	0.25920245	0.26490065	0.5042373	0.250774	0.25375938	0.26242235	0.25953078	0.2581121	0.24539877	0.18225807	0.28382352	0.24115044	0.2540453	0.24188791	0.23452769	0.25519288	0.251497	0.24035609	0.23809524	0.0	0.23782235	0.21597633	0.5	0.24807692	0.23462783	0.24495678	0.24780059	0.23514852	0.26626018	0.47244096	0.2469697	0.43951613	0.39864865	0.3952381	0.2681388	0.41428572	0.26832846	0.43103448	0.2483108	0.44366196	0.4512195	0.2760736	0.2834395	0.21276596	0.25308642	0.25367647	0.2688822	0.25170067	0.25250837	0.26086956	0.25816023	0.26035503	0.30272108	0.25449103	0.23488373	0.29182878	0.26557377	0.42666668	0.27974278	0.42805755	0.30952382	0.47058824	0.29661018	0.29435483	0.29761904	0.44244605	0.47368422	0.43046358	0.44444445	0.46451613	0.45238096	0.41883117	0.49166667	0.45238096	0.45666668	0.45408162	0.47008547	0.44144145	0.43609023
D01_CBRY8ANXX_6_Tipulid_D01_X5	0.23481229	0.23170732	0.2269821	0.24160305	0.22739018	0.2231301	0.23116219	0.22907348	0.22879617	0.22895078	0.22250476	0.22919334	0.22397892	0.23202614	0.23721227	0.22063492	0.2295193	0.21854058	0.42816636	0.23641102	0.2520661	0.23306505	0.23035488	0.22858983	0.21852647	0.21981777	0.21942675	0.25415283	0.19979079	0.14558548	0.2304038	0.19545746	0.18228498	0.22148979	0.26806724	0.23782235	0.0	0.20922677	0.6666667	0.23594266	0.22063622	0.20830691	0.2161737	0.23813057	0.23728813	0.4509537	0.22168598	0.44887954	0.45328143	0.4302508	0.23350072	0.44762847	0.22766666	0.43311036	0.24296094	0.45366132	0.45489892	0.23947896	0.24297044	0.21704331	0.22611037	0.2189232	0.21955463	0.22550675	0.22589642	0.29591838	0.22584857	0.2253886	0.2257732	0.21565276	0.22944786	0.25045955	0.22194777	0.43307087	0.22563925	0.46288514	0.42291668	0.44510037	0.3019943	0.29795918	0.3010974	0.46175167	0.47042716	0.45419425	0.44623655	0.47497338	0.45915985	0.45891893	0.46349862	0.46564886	0.47139713	0.45309883	0.4272388	0.44293478	0.44113755
D02_CBRY8ANXX_6_Tipulid_D02_X5	0.22701555	0.22855182	0.22273937	0.2354788	0.23151882	0.21405122	0.22833334	0.22877984	0.22727273	0.22797579	0.23127899	0.22192691	0.21915473	0.21775827	0.22211088	0.22038385	0.22538678	0.215	0.42771083	0.23651771	0.25448784	0.22648084	0.22438863	0.22080536	0.20355292	0.1927287	0.21949603	0.25227273	0.24854651	0.21353482	0.2176039	0.23513694	0.22800538	0.2124743	0.2620275	0.21597633	0.20922677	0.0	0.4	0.22115384	0.22063759	0.20328948	0.21897571	0.23579109	0.23114957	0.4389706	0.2175957	0.44650817	0.43921334	0.42454395	0.23516321	0.4409938	0.22222222	0.4318182	0.24242425	0.43811274	0.46052632	0.23101045	0.23617339	0.21567672	0.2165272	0.21972176	0.22582972	0.22062664	0.2219032	0.25773194	0.2198364	0.21866576	0.23165618	0.21621622	0.22537878	0.25212866	0.22026432	0.4374255	0.21841155	0.4481982	0.3846154	0.43584907	0.30273142	0.3021739	0.30232558	0.47225502	0.466161	0.45545134	0.4476373	0.47619048	0.458125	0.46465817	0.45420974	0.4751445	0.46553737	0.45284697	0.42842942	0.44636014	0.43389592
