##IBS_Distance_Matrix.AverageTotalSites=2388.7066069428893
##IBS_Distance_Matrix.NumAlleles=3
##IBS_Distance_Matrix.TrueIBS=false
##Matrix_Type=IBS_Distance_Matrix
95
S1_1_HHMYFBGX2_1_Damselfly_A01_X5	0.0	0.18934275	0.18769436	0.18371816	0.18752642	0.0956732	0.18569781	0.18200837	0.19495772	0.45615327	0.4521028	0.4500643	0.46535325	0.45571193	0.45104408	0.42870036	0.4677667	0.4662295	0.2067283	0.19244312	0.19790845	0.18940443	0.19471154	0.20825663	0.1886657	0.19036826	0.19014308	0.19660708	0.20055556	0.19642857	0.1884058	0.18727374	0.19312528	0.20922123	0.20287405	0.18459137	0.19734015	0.1927042	0.4307776	0.19707082	0.19996834	0.19103369	0.42818323	0.19337931	0.18893757	0.1882353	0.1888082	0.20703934	0.20787023	0.20610043	0.20579126	0.2148773	0.20744681	0.20415173	0.21260306	0.2085837	0.21420659	0.22583719	0.21399106	0.22800538	0.2299458	0.21166156	0.2252936	0.23203802	0.22088532	0.21991585	0.22809753	0.23245741	0.22804533	0.22882071	0.22922486	0.23308699	0.22402403	0.22283381	0.22862794	0.22227286	0.4277837	0.42060086	0.4407275	0.19587068	0.44205353	0.43479484	0.43121508	0.19200571	0.44267935	0.44364074	0.4581223	0.48230848	0.46638986	0.47692582	0.4707571	0.4783645	0.4687959	0.47164232	0.45893502
S1_2_HHMYFBGX2_1_Damselfly_A02_X5	0.18934275	0.0	0.18102224	0.18018991	0.08585195	0.18799391	0.19243002	0.19104624	0.18309377	0.465981	0.45263696	0.4532578	0.45268923	0.45829535	0.45539787	0.43157545	0.458159	0.45184135	0.20067264	0.18688081	0.18883662	0.17861184	0.18814513	0.20425408	0.1833544	0.18446602	0.18657231	0.1932731	0.20135053	0.19592384	0.19339164	0.19373657	0.19333011	0.19514768	0.18482225	0.19075866	0.19422103	0.18669803	0.42490917	0.19699432	0.1845754	0.17876588	0.43209082	0.18492524	0.18136364	0.19577134	0.18327239	0.19516908	0.20498843	0.19641538	0.20336391	0.2158406	0.19812185	0.19920975	0.20612046	0.20418766	0.20517136	0.22708145	0.20645282	0.21296978	0.22122571	0.20231125	0.21609232	0.22012967	0.22358121	0.21479419	0.2221872	0.2215311	0.22365259	0.21446346	0.22117962	0.21624605	0.21684764	0.21434064	0.22207358	0.218387	0.43011385	0.42609105	0.44300145	0.19430208	0.44592565	0.438929	0.43609866	0.19033001	0.44329333	0.45013037	0.45853236	0.47766653	0.4802977	0.4749702	0.47450823	0.47590855	0.47516286	0.47289392	0.46725318
S1_3_HHMYFBGX2_1_Damselfly_A03_X5	0.18769436	0.18102224	0.0	0.08929594	0.17237088	0.18730651	0.18986174	0.18646474	0.17238049	0.45079187	0.45986497	0.4472397	0.44719592	0.45355192	0.44275093	0.4318182	0.45603156	0.4564579	0.19628252	0.19009167	0.19156414	0.19810826	0.1923077	0.21061571	0.18932481	0.19267087	0.1832679	0.19824311	0.18827708	0.19262473	0.19337656	0.19449419	0.20026702	0.18602595	0.19408503	0.19606946	0.1895354	0.18410166	0.43293768	0.19153112	0.20004909	0.18282662	0.42592594	0.19445676	0.19191696	0.20354906	0.19847812	0.19958179	0.21151114	0.20458095	0.20762506	0.20558739	0.20080695	0.1952902	0.20725508	0.20352565	0.20742552	0.23498233	0.21670248	0.22469848	0.2240473	0.20219928	0.22300363	0.22766054	0.22800379	0.21483319	0.22510232	0.21682848	0.21892162	0.21825217	0.22117962	0.22120239	0.2204969	0.21922246	0.20925216	0.21480058	0.42731535	0.42517006	0.44227642	0.19569041	0.44605118	0.4447236	0.43925235	0.18541442	0.44393033	0.4445946	0.45041323	0.48291835	0.47041613	0.4817584	0.47816986	0.4762195	0.46739793	0.4642857	0.43808255
S1_4_HHMYFBGX2_1_Damselfly_A04_X5	0.18371816	0.18018991	0.08929594	0.0	0.17530319	0.18930693	0.18099917	0.18451121	0.17897977	0.45799595	0.45153743	0.4353827	0.44005185	0.44384384	0.43632707	0.42531645	0.44021165	0.44493392	0.19370294	0.18502548	0.1911687	0.18747067	0.18904164	0.20335111	0.18548058	0.18191016	0.18484451	0.18672906	0.18548708	0.18910506	0.1871345	0.18760064	0.18983957	0.1875	0.19585899	0.18744889	0.18922599	0.1800736	0.43040684	0.18473895	0.19257796	0.18860947	0.43115318	0.19051415	0.18488556	0.1846298	0.19170533	0.20468557	0.20261163	0.20755596	0.2055628	0.20106609	0.20798437	0.20034029	0.20683973	0.20248777	0.20448235	0.22065821	0.21086644	0.22014925	0.22586343	0.20865192	0.219069	0.22655618	0.21259509	0.21460356	0.2247744	0.21728292	0.2268498	0.21559446	0.20752896	0.21136549	0.2245978	0.20924045	0.21294318	0.21246278	0.42526042	0.42691132	0.43917274	0.18142463	0.4467978	0.44301328	0.42348927	0.18314661	0.44188327	0.43759936	0.45561138	0.47923	0.47936046	0.47193074	0.4660428	0.47295865	0.46934345	0.46354166	0.4368932
S1_5_HHMYFBGX2_1_Damselfly_A05_X5	0.18752642	0.08585195	0.17237088	0.17530319	0.0	0.18984963	0.18655097	0.18535826	0.18300046	0.45208332	0.4557143	0.44492948	0.44760582	0.4520683	0.44285715	0.43151298	0.4593496	0.45323047	0.19264705	0.18934052	0.19063734	0.18313374	0.19045572	0.20164858	0.19137408	0.18825042	0.19018692	0.19045475	0.19898391	0.18886149	0.1909171	0.19170547	0.1884375	0.18960752	0.18221831	0.19156264	0.18691014	0.19068985	0.43138358	0.19329074	0.18258823	0.17838044	0.4313433	0.18676223	0.18322851	0.19844358	0.18500893	0.20044346	0.20356981	0.19693978	0.20453504	0.21010879	0.1988024	0.20188425	0.20581754	0.20439704	0.20707928	0.23165138	0.20875	0.21888945	0.22780325	0.20554371	0.22143166	0.22295853	0.22516704	0.21241409	0.23194082	0.23109059	0.22765559	0.21858752	0.21676005	0.21354392	0.22227192	0.2121677	0.2275	0.21841155	0.4301939	0.43197936	0.4344899	0.19748954	0.4497073	0.4405053	0.43105158	0.19056122	0.43338516	0.44869566	0.44746378	0.47277227	0.4682011	0.45712665	0.4558233	0.47310585	0.4619783	0.45964125	0.45051414
S1_6_HHMYFBGX2_1_Damselfly_A06_X5	0.0956732	0.18799391	0.18730651	0.18930693	0.18984963	0.0	0.18595041	0.18187168	0.19208257	0.45781818	0.4520202	0.45140344	0.4636041	0.45487657	0.451971	0.43236858	0.46732524	0.47143775	0.21043257	0.18819925	0.19741985	0.1884207	0.19255438	0.20810671	0.18691853	0.18818106	0.18850142	0.19674335	0.20079605	0.19447382	0.19185877	0.18714012	0.19247887	0.21130268	0.20478389	0.18520594	0.19491525	0.1907458	0.42691207	0.19360146	0.19434905	0.1899093	0.42629558	0.1946181	0.19162403	0.18931685	0.19013491	0.20736322	0.20547338	0.20434207	0.20598108	0.2161261	0.20722993	0.2020366	0.21292004	0.2061144	0.21440239	0.2275409	0.21474467	0.22630173	0.2288723	0.21108976	0.22360249	0.23125689	0.22095071	0.22075056	0.22586063	0.2307363	0.22836614	0.22876179	0.22639225	0.2327176	0.22528124	0.2219111	0.22713599	0.22134091	0.42606866	0.42226446	0.43869427	0.19686832	0.44309485	0.43554688	0.4337474	0.18894736	0.4389264	0.44303423	0.4579816	0.48006758	0.4655776	0.4774633	0.4709529	0.47778982	0.47036502	0.47044757	0.46167558
S1_7_HHMYFBGX2_1_Damselfly_A07_X5	0.18569781	0.19243002	0.18986174	0.18099917	0.18655097	0.18595041	0.0	0.10113704	0.18693838	0.45167428	0.4514563	0.45069477	0.45821595	0.45513096	0.4409354	0.41666666	0.47622883	0.46377793	0.19310898	0.19071008	0.19959596	0.1881259	0.19701841	0.20776567	0.18731476	0.19142689	0.1848822	0.19194461	0.19783862	0.20410997	0.20057873	0.20086206	0.19772305	0.20422816	0.20247395	0.19458273	0.20189099	0.18678395	0.42988032	0.18685518	0.1997056	0.19303423	0.4309237	0.1907951	0.18679458	0.20149812	0.19545256	0.20260449	0.19535604	0.20616771	0.20292416	0.20835961	0.20717391	0.20114587	0.20685472	0.20723781	0.20456491	0.21708485	0.21183746	0.21877168	0.22565752	0.20886259	0.22169672	0.22102076	0.2117737	0.21316706	0.22207603	0.22561885	0.22057386	0.21636575	0.21792555	0.21941176	0.21834265	0.22101054	0.22516453	0.224375	0.43191093	0.4357839	0.44423792	0.20474985	0.44803372	0.4451291	0.44393188	0.19959825	0.44434988	0.4491995	0.4671799	0.489228	0.4752373	0.47229406	0.4738024	0.48234165	0.47302985	0.47472924	0.48057353
S1_8_HHMYFBGX2_1_Damselfly_A08_X5	0.18200837	0.19104624	0.18646474	0.18451121	0.18535826	0.18187168	0.10113704	0.0	0.19224423	0.45528772	0.45679322	0.4453125	0.45196506	0.45290983	0.44142362	0.43104535	0.4617647	0.45234758	0.19150111	0.19122756	0.20239076	0.18674478	0.19696058	0.20710059	0.18564886	0.18802902	0.18356998	0.19076174	0.20104167	0.19856322	0.19912335	0.19955423	0.19923918	0.19898167	0.19888394	0.19462885	0.19887672	0.18237019	0.42915532	0.19120534	0.19457547	0.191247	0.42922375	0.19051138	0.18633178	0.19553503	0.19217002	0.20284642	0.1989127	0.20371693	0.2051918	0.20671207	0.20874001	0.2008886	0.20352463	0.20674397	0.20535186	0.22194695	0.21138506	0.21807186	0.22504354	0.21245147	0.22105424	0.22298713	0.21835443	0.21323968	0.22099364	0.22982132	0.22089903	0.21718845	0.22063728	0.22041869	0.22254336	0.22379182	0.22389753	0.22172381	0.4244342	0.4300318	0.44046363	0.20151207	0.4409621	0.4347696	0.44567627	0.19936115	0.43927053	0.4445141	0.46190876	0.47882617	0.47282377	0.4711722	0.47234043	0.4720127	0.4679335	0.46989527	0.46726754
S1_9_HHMYFBGX2_1_Damselfly_A09_X5	0.19495772	0.18309377	0.17238049	0.17897977	0.18300046	0.19208257	0.18693838	0.19224423	0.0	0.45134914	0.4460733	0.4332855	0.44241503	0.4432243	0.4357798	0.42014825	0.46458334	0.44672427	0.21260504	0.18993309	0.19837537	0.19022988	0.19463833	0.21544836	0.19449806	0.18654822	0.19450317	0.19389133	0.19990666	0.19363116	0.188757	0.19265625	0.19133663	0.2008547	0.19393802	0.19319987	0.19459541	0.19524433	0.42711726	0.18969697	0.19961579	0.19156851	0.42452008	0.1916177	0.18763424	0.18953212	0.2012987	0.2106825	0.21057075	0.20384903	0.21925874	0.20558202	0.22084309	0.20567495	0.2051617	0.20464	0.20974247	0.22808093	0.21292776	0.2201199	0.22534996	0.21267606	0.2153576	0.2271442	0.22072522	0.21509434	0.2265625	0.2204597	0.22744823	0.21802603	0.21888329	0.22590938	0.22430532	0.21739969	0.21928038	0.22261783	0.43443602	0.42992425	0.44074348	0.2001224	0.4422783	0.4400502	0.42729306	0.1943803	0.44016302	0.44131148	0.4502885	0.4667449	0.46174496	0.4634978	0.46213043	0.46758878	0.45771143	0.45398894	0.45326194
S10_1_HHMYFBGX2_1_Damselfly_H04_X5	0.45615327	0.465981	0.45079187	0.45799595	0.45208332	0.45781818	0.45167428	0.45528772	0.45134914	0.0	0.03125	0.08277592	0.085884355	0.0823955	0.08173077	0.0735768	0.08472222	0.09683099	0.45137978	0.45985663	0.43896484	0.45625	0.4443207	0.46193415	0.4534185	0.46522063	0.45929277	0.45556444	0.44411978	0.4575672	0.4522342	0.44329897	0.460182	0.43562874	0.42524916	0.45621258	0.46325088	0.45019725	0.35485268	0.4406615	0.4500413	0.45639944	0.35570776	0.46420744	0.4653179	0.41181988	0.43620503	0.43514964	0.4482362	0.4341187	0.46001583	0.4484127	0.4316997	0.45349732	0.4521116	0.44345897	0.45010847	0.44950214	0.4321739	0.44072166	0.45535082	0.45127273	0.4597786	0.45626822	0.43778452	0.44232184	0.45353982	0.4210725	0.42193756	0.43560326	0.430837	0.44154876	0.42779922	0.42921552	0.419279	0.41843137	0.3394068	0.34247258	0.34824282	0.4417441	0.35428342	0.34132123	0.35038167	0.44946808	0.34578314	0.2890529	0.29258606	0.2767221	0.28073233	0.28383923	0.284831	0.2784281	0.28039703	0.2675545	0.28952205
S10_2_HHMYFBGX2_1_Damselfly_H05_X5	0.4521028	0.45263696	0.45986497	0.45153743	0.4557143	0.4520202	0.4514563	0.45679322	0.4460733	0.03125	0.0	0.08	0.08301475	0.08181818	0.0786802	0.07204301	0.089803554	0.08738244	0.4530316	0.4565511	0.4450331	0.45428073	0.4527596	0.46285838	0.45717704	0.4549084	0.45282516	0.45826933	0.45446223	0.4628889	0.44403353	0.4457666	0.44470224	0.43741766	0.43691757	0.4507109	0.46546346	0.46161547	0.34704584	0.4471519	0.4509804	0.44189453	0.35177514	0.45368662	0.45425725	0.42358366	0.43175182	0.4397267	0.44856578	0.42666286	0.4524177	0.44143224	0.4266285	0.44356436	0.4484436	0.44871184	0.44958565	0.44521466	0.4312139	0.44251263	0.45450512	0.44121715	0.44985875	0.44326568	0.43630573	0.43378252	0.45283905	0.4261745	0.42133677	0.4304912	0.43253505	0.43539324	0.42588	0.4182891	0.4104177	0.4259727	0.32664135	0.33592233	0.33325014	0.45354578	0.3510204	0.34348914	0.3424084	0.45049796	0.33694556	0.28156146	0.2826934	0.28100199	0.26627386	0.28102565	0.2768595	0.27970558	0.2755102	0.26403642	0.26620948
S10_3_HHMYFBGX2_1_Damselfly_H06_X5	0.4500643	0.4532578	0.4472397	0.4353827	0.44492948	0.45140344	0.45069477	0.4453125	0.4332855	0.08277592	0.08	0.0	0.08359294	0.08197507	0.031468533	0.08452624	0.09037162	0.094023325	0.4375963	0.4540563	0.44874924	0.45476973	0.44595176	0.46002412	0.4507726	0.4515918	0.4393491	0.44251525	0.44609508	0.45231274	0.44545868	0.44299743	0.4356223	0.4313238	0.43419313	0.44493392	0.45742938	0.44128788	0.34355828	0.4509059	0.44038272	0.44160584	0.35187224	0.45833334	0.45202336	0.4289976	0.42656142	0.44469836	0.44315004	0.43488494	0.44576848	0.43726146	0.43927124	0.44923857	0.44226432	0.4453468	0.44345993	0.44157442	0.43656316	0.43333334	0.4497549	0.43982264	0.44865686	0.4460722	0.4315909	0.43461537	0.44632035	0.41361833	0.4208112	0.42826644	0.42604676	0.43164062	0.42837274	0.4116521	0.4034515	0.43034127	0.33392137	0.34089535	0.3446935	0.44267383	0.34364745	0.3422713	0.33794466	0.44328767	0.34532043	0.27438542	0.27501297	0.27647328	0.27311146	0.2853067	0.28742802	0.27434275	0.27807617	0.26955113	0.2650463
S10_4_HHMYFBGX2_1_Damselfly_H07_X5	0.46535325	0.45268923	0.44719592	0.44005185	0.44760582	0.4636041	0.45821595	0.45196506	0.44241503	0.085884355	0.08301475	0.08359294	0.0	0.038854353	0.08259424	0.08122744	0.10136364	0.099464424	0.44979423	0.4581874	0.4497117	0.4646522	0.45462835	0.46728578	0.45399627	0.4568727	0.44795442	0.45150915	0.45503357	0.4535284	0.45615718	0.44945848	0.4593465	0.44298527	0.43886155	0.44949263	0.46188632	0.45081967	0.3531961	0.45260224	0.45025772	0.44543743	0.35635838	0.45790645	0.45414463	0.43665436	0.43367347	0.44931313	0.45031357	0.4338798	0.45285857	0.43867925	0.43603042	0.45084336	0.45851013	0.45961002	0.45409983	0.4568704	0.4440403	0.4374314	0.45313174	0.45489228	0.45125285	0.45531726	0.44661582	0.44025156	0.45041132	0.4263548	0.4337865	0.43426386	0.43282312	0.4391186	0.4391827	0.41948423	0.41731706	0.43420404	0.34196755	0.34814113	0.33702457	0.44945297	0.35174128	0.34163266	0.34964323	0.4486659	0.34006816	0.28554502	0.2909968	0.28478888	0.28207237	0.28664008	0.29000506	0.28970066	0.28180888	0.28746328	0.29176903
S10_5_HHMYFBGX2_1_Damselfly_H08_X5	0.45571193	0.45829535	0.45355192	0.44384384	0.4520683	0.45487657	0.45513096	0.45290983	0.4432243	0.0823955	0.08181818	0.08197507	0.038854353	0.0	0.078516625	0.07543391	0.098130845	0.096346706	0.44108647	0.45861655	0.44623655	0.46843767	0.45399415	0.464382	0.4570943	0.45604396	0.4451336	0.45109192	0.4562551	0.45740086	0.4556434	0.45083982	0.45786518	0.44276392	0.4414791	0.44991583	0.4642155	0.4483812	0.3525357	0.45219123	0.45636624	0.44179896	0.35575408	0.4585366	0.45653045	0.4429066	0.43913043	0.44624835	0.44821507	0.43693238	0.45113477	0.43738574	0.43398058	0.44944814	0.4567474	0.4519475	0.45211038	0.44820088	0.44132784	0.44075948	0.44856128	0.4436937	0.4482614	0.4459845	0.44164106	0.4381422	0.44629475	0.42546847	0.4273743	0.430338	0.43231094	0.43326405	0.43020695	0.41826412	0.41363022	0.43200362	0.34242278	0.343405	0.34563023	0.4558121	0.35143116	0.3370061	0.35227272	0.44884843	0.3476233	0.2840655	0.28525162	0.28188214	0.2788704	0.28404936	0.28878117	0.28468344	0.28005657	0.27877295	0.28708947
S10_6_HHMYFBGX2_1_Damselfly_H09_X5	0.45104408	0.45539787	0.44275093	0.43632707	0.44285715	0.451971	0.4409354	0.44142362	0.4357798	0.08173077	0.0786802	0.031468533	0.08259424	0.078516625	0.0	0.08516082	0.09062776	0.09578544	0.43262988	0.45562	0.44687092	0.45465183	0.4427907	0.46313962	0.4450237	0.4525035	0.43660855	0.44160402	0.44050863	0.45486724	0.44307542	0.44480368	0.44034955	0.43031704	0.4351064	0.44670773	0.45831487	0.44641662	0.3423056	0.447385	0.4387487	0.43948126	0.3510204	0.45535713	0.4533153	0.41320756	0.42527077	0.43962544	0.4430221	0.43262213	0.44872463	0.4352371	0.4354033	0.44662362	0.4454327	0.44433963	0.44227272	0.44005328	0.4307212	0.43503937	0.44909653	0.4386685	0.44439253	0.4481889	0.4297561	0.43137708	0.44602802	0.41872624	0.42252067	0.42521858	0.41383284	0.421875	0.4246169	0.40251023	0.40925	0.4212519	0.33458045	0.33983377	0.34694883	0.44295302	0.34197283	0.3355537	0.34479168	0.43641114	0.34632573	0.2747117	0.27651304	0.2803068	0.27272728	0.28651974	0.2892968	0.27556372	0.27428722	0.2696152	0.26595744
S10_7_HHMYFBGX2_1_Damselfly_H10_X5	0.42870036	0.43157545	0.4318182	0.42531645	0.43151298	0.43236858	0.41666666	0.43104535	0.42014825	0.0735768	0.07204301	0.08452624	0.08122744	0.07543391	0.08516082	0.0	0.08612144	0.08915907	0.40315315	0.43555945	0.41564292	0.44056463	0.42102066	0.44762173	0.4376928	0.43447644	0.42520493	0.4227774	0.4224806	0.4386574	0.43352237	0.4224551	0.4241996	0.40757328	0.41386926	0.4191267	0.44107452	0.42445743	0.3481325	0.4171249	0.42914173	0.40881643	0.35843372	0.4372749	0.43624556	0.3913386	0.41399816	0.42439646	0.42115384	0.41743445	0.42739275	0.41595814	0.42825705	0.4190051	0.43381432	0.431307	0.43208778	0.41884816	0.41473988	0.42018285	0.43092486	0.41894352	0.426956	0.42381525	0.4128125	0.41018686	0.42298287	0.4001233	0.39719626	0.40972644	0.4084249	0.4097606	0.40515596	0.39619118	0.39186573	0.41062176	0.3335684	0.33554268	0.34683794	0.44150499	0.3365321	0.3376422	0.34093788	0.43363163	0.3494016	0.28942013	0.28084648	0.27818063	0.28753644	0.29031166	0.29063362	0.28187457	0.29060125	0.27660972	0.26595744
S10_8_HHMYFBGX2_1_Damselfly_H11_X5	0.4677667	0.458159	0.45603156	0.44021165	0.4593496	0.46732524	0.47622883	0.4617647	0.46458334	0.08472222	0.089803554	0.09037162	0.10136364	0.098130845	0.09062776	0.08612144	0.0	0.098277606	0.45395395	0.46654275	0.46803197	0.46243903	0.4653816	0.46836808	0.44823435	0.4692429	0.4352487	0.45789894	0.46015036	0.46336997	0.45572263	0.45461598	0.45595855	0.4625	0.44918033	0.4601626	0.46840557	0.45537636	0.33962265	0.46122026	0.459375	0.44553706	0.3466934	0.47602475	0.47780287	0.4202454	0.44730076	0.45462185	0.45630667	0.43986744	0.4440966	0.4538793	0.43228537	0.45103985	0.4574551	0.47213376	0.45890936	0.453635	0.44689378	0.43661305	0.46757552	0.4511077	0.4534523	0.45603976	0.44583333	0.4551132	0.4533493	0.42045453	0.43787235	0.44815397	0.4223301	0.43268484	0.43854514	0.41954023	0.4152614	0.42947635	0.32772365	0.33794248	0.33855024	0.4575188	0.35269	0.31882024	0.3225	0.44905096	0.3437761	0.2741722	0.28413284	0.29338175	0.2774102	0.29103214	0.28474575	0.2875	0.27578673	0.27061224	0.25675675
S10_9_HHMYFBGX2_1_Damselfly_H12_X5	0.4662295	0.45184135	0.4564579	0.44493392	0.45323047	0.47143775	0.46377793	0.45234758	0.44672427	0.09683099	0.08738244	0.094023325	0.099464424	0.096346706	0.09578544	0.08915907	0.098277606	0.0	0.4479572	0.45708838	0.45604396	0.44796747	0.45739016	0.46516645	0.46052632	0.45067114	0.4521199	0.4532646	0.45228884	0.46477988	0.44779256	0.44315928	0.45151198	0.4383057	0.4362512	0.45037138	0.4658228	0.4578527	0.34803528	0.44743702	0.4434944	0.45595855	0.35114503	0.46158898	0.4592426	0.42605042	0.43589744	0.4476826	0.45056102	0.4395004	0.44661266	0.44216955	0.43573514	0.43789473	0.4492214	0.45402685	0.44820848	0.4389313	0.4347826	0.42840284	0.45380265	0.45106936	0.44470045	0.44173178	0.43897364	0.43745863	0.43049932	0.42391303	0.423355	0.41931218	0.42183724	0.43297586	0.4318182	0.4068909	0.41090146	0.42142856	0.33663365	0.34276438	0.34706303	0.45118818	0.35568514	0.3524203	0.349162	0.44238684	0.34902245	0.2857143	0.2856031	0.2819788	0.27914354	0.2888725	0.28523985	0.28773233	0.27856082	0.27840114	0.28535354
S2_10_HHMYFBGX2_1_Damselfly_B07_X5	0.2067283	0.20067264	0.19628252	0.19370294	0.19264705	0.21043257	0.19310898	0.19150111	0.21260504	0.45137978	0.4530316	0.4375963	0.44979423	0.44108647	0.43262988	0.40315315	0.45395395	0.4479572	0.0	0.2072989	0.20808679	0.20225422	0.21103556	0.21668288	0.21056825	0.21002077	0.210823	0.097193874	0.20826991	0.2106309	0.21531233	0.20460424	0.20899682	0.2015504	0.21418588	0.1970181	0.21367948	0.19183253	0.42807746	0.21308725	0.21216531	0.1938062	0.43045387	0.20816116	0.20833333	0.1996149	0.21808927	0.21854305	0.21317829	0.21853898	0.21486643	0.21929824	0.21575342	0.21701291	0.21599363	0.21982987	0.2139907	0.23935091	0.2274436	0.23692404	0.22970942	0.21586812	0.2433211	0.23677386	0.23442714	0.22900365	0.24241617	0.23604336	0.23066065	0.23626374	0.22741832	0.2281528	0.22098833	0.22767021	0.22592385	0.229155	0.42340565	0.4053398	0.43410617	0.20707071	0.44974393	0.43927124	0.4355792	0.20774193	0.432799	0.4496208	0.45932326	0.47988507	0.471994	0.4841109	0.4767601	0.4762228	0.47068965	0.47851562	0.45867097
S2_1_HHMYFBGX2_1_Damselfly_A10_X5	0.19244312	0.18688081	0.19009167	0.18502548	0.18934052	0.18819925	0.19071008	0.19122756	0.18993309	0.45985663	0.4565511	0.4540563	0.4581874	0.45861655	0.45562	0.43555945	0.46654275	0.45708838	0.2072989	0.0	0.19777693	0.18764846	0.19453597	0.2080674	0.19107392	0.10099382	0.1927953	0.19719765	0.19538835	0.19888137	0.19149241	0.19243243	0.20292424	0.20589346	0.20016542	0.1888981	0.19916579	0.2021773	0.4262843	0.20285921	0.19227217	0.20185289	0.42298982	0.18694839	0.18169796	0.20887446	0.19899455	0.21154946	0.21194859	0.20985822	0.21225846	0.21392368	0.20821236	0.20833333	0.20904681	0.21597551	0.20834452	0.2342639	0.21710746	0.22377507	0.22822665	0.21759135	0.22729798	0.22874218	0.2279157	0.22296196	0.22513737	0.22466215	0.22932677	0.22794318	0.22585617	0.22684546	0.22711319	0.22363886	0.21962063	0.21755838	0.4314572	0.42615062	0.43816864	0.19765295	0.44267935	0.44245595	0.4359673	0.19538034	0.43821475	0.44544923	0.45518154	0.47873047	0.47117603	0.47888774	0.47492164	0.47793594	0.4740121	0.4689389	0.47009674
S2_2_HHMYFBGX2_1_Damselfly_A11_X5	0.19790845	0.18883662	0.19156414	0.1911687	0.19063734	0.19741985	0.19959596	0.20239076	0.19837537	0.43896484	0.4450331	0.44874924	0.4497117	0.44623655	0.44687092	0.41564292	0.46803197	0.45604396	0.20808679	0.19777693	0.0	0.19346498	0.10977011	0.20839553	0.19823788	0.19198565	0.20056868	0.20552784	0.20302673	0.18200916	0.18222769	0.20059289	0.17194836	0.19467425	0.19154228	0.1992739	0.1832951	0.19508976	0.43475965	0.19217435	0.19402008	0.19903274	0.42761692	0.19495502	0.19367972	0.18173346	0.18643102	0.21331689	0.20477387	0.20785485	0.20241691	0.22104818	0.2172702	0.21308371	0.22258459	0.21563505	0.22259201	0.2386584	0.21442126	0.2244993	0.23103581	0.20926073	0.21801043	0.23308271	0.22955583	0.21918628	0.23381585	0.23163265	0.22711496	0.2264151	0.22468959	0.22294022	0.2289232	0.21455939	0.22793177	0.22014298	0.42930067	0.42952612	0.43803623	0.20031056	0.44796827	0.43231612	0.4327731	0.19395103	0.43931335	0.4571311	0.45408735	0.46934673	0.4590023	0.45885417	0.46024224	0.47544047	0.464992	0.47236437	0.4591346
S2_3_HHMYFBGX2_1_Damselfly_A12_X5	0.18940443	0.17861184	0.19810826	0.18747067	0.18313374	0.1884207	0.1881259	0.18674478	0.19022988	0.45625	0.45428073	0.45476973	0.4646522	0.46843767	0.45465183	0.44056463	0.46243903	0.44796747	0.20225422	0.18764846	0.19346498	0.0	0.1891037	0.16508818	0.18776672	0.18469101	0.19068779	0.19527178	0.19194724	0.19735077	0.18259759	0.19746439	0.17975427	0.19391547	0.19124877	0.19102113	0.19704102	0.19077422	0.42880037	0.2027691	0.18894899	0.19081967	0.42930028	0.18491276	0.18318011	0.20408164	0.18402778	0.19974738	0.2022719	0.19455726	0.20056711	0.20172156	0.19641052	0.19889908	0.2044219	0.2030303	0.20755693	0.2200957	0.21076605	0.2255144	0.22496617	0.21026894	0.21975878	0.22034194	0.21659993	0.21748252	0.22377253	0.21800862	0.21930502	0.21516755	0.21955876	0.22031194	0.21775976	0.21526001	0.21369915	0.21386321	0.43470404	0.4354584	0.44740126	0.1883713	0.44806033	0.43745774	0.44693202	0.18360864	0.44734624	0.45731708	0.46276334	0.48279664	0.46641976	0.47621205	0.47352806	0.4835496	0.46525186	0.48480788	0.47297296
S2_4_HHMYFBGX2_1_Damselfly_B01_X5	0.19471154	0.18814513	0.1923077	0.18904164	0.19045572	0.19255438	0.19701841	0.19696058	0.19463833	0.4443207	0.4527596	0.44595176	0.45462835	0.45399415	0.4427907	0.42102066	0.4653816	0.45739016	0.21103556	0.19453597	0.10977011	0.1891037	0.0	0.20079787	0.19352497	0.19146797	0.1945519	0.20055453	0.19606742	0.18819389	0.17973857	0.19717912	0.17458867	0.20086478	0.19468454	0.19322424	0.18763587	0.19678068	0.42775944	0.18938547	0.19239374	0.18830036	0.4201581	0.19349888	0.18981226	0.18763879	0.18547341	0.21016647	0.20853585	0.20738347	0.20721424	0.21621203	0.21243523	0.208901	0.21578792	0.2130887	0.21400669	0.23171067	0.21813129	0.22853708	0.23451568	0.21114245	0.22252747	0.22827314	0.22585483	0.22036302	0.23244864	0.23067915	0.22602302	0.2232041	0.22131439	0.22131148	0.2284889	0.22307418	0.22728673	0.22433928	0.4252624	0.42580506	0.43756178	0.1985962	0.44272447	0.43980414	0.44420904	0.19254322	0.4373546	0.45305875	0.466152	0.4768131	0.47658458	0.4764727	0.47225264	0.4767312	0.4772388	0.46869472	0.45698428
S2_5_HHMYFBGX2_1_Damselfly_B02_X5	0.20825663	0.20425408	0.21061571	0.20335111	0.20164858	0.20810671	0.20776567	0.20710059	0.21544836	0.46193415	0.46285838	0.46002412	0.46728578	0.464382	0.46313962	0.44762173	0.46836808	0.46516645	0.21668288	0.2080674	0.20839553	0.16508818	0.20079787	0.0	0.20547573	0.20981546	0.20931284	0.20906475	0.2098717	0.21524099	0.20706506	0.20863971	0.20808254	0.21931441	0.21374045	0.203808	0.21183012	0.21240106	0.43816012	0.21697119	0.20885886	0.21786493	0.4374314	0.20194553	0.20151749	0.21704067	0.2067562	0.2174396	0.21582836	0.22053172	0.21988836	0.21984379	0.21636952	0.21630403	0.2231153	0.22011308	0.22204888	0.23818646	0.22711039	0.24457908	0.24143183	0.22745149	0.23889038	0.23751314	0.23333333	0.23284055	0.24146667	0.23889948	0.23905924	0.2379502	0.24177468	0.23930481	0.23775135	0.23886096	0.23401204	0.23691736	0.4386698	0.4367955	0.44670513	0.20948364	0.45055467	0.45319936	0.447541	0.2021205	0.44799018	0.4559073	0.4620022	0.4849214	0.47310832	0.4814692	0.4784946	0.48270547	0.47539574	0.47644573	0.465765
S2_6_HHMYFBGX2_1_Damselfly_B03_X5	0.1886657	0.1833544	0.18932481	0.18548058	0.19137408	0.18691853	0.18731476	0.18564886	0.19449806	0.4534185	0.45717704	0.4507726	0.45399627	0.4570943	0.4450237	0.4376928	0.44823435	0.46052632	0.21056825	0.19107392	0.19823788	0.18776672	0.19352497	0.20547573	0.0	0.18755464	0.08723876	0.19347283	0.18674871	0.19240332	0.19104205	0.19010863	0.19352616	0.2040412	0.20548834	0.18775511	0.1912659	0.19235462	0.42384356	0.19756377	0.19542654	0.19563954	0.4162641	0.18974794	0.19016854	0.20294784	0.19462648	0.20921132	0.20702885	0.208981	0.20481928	0.2111772	0.20761245	0.20217659	0.20858617	0.20338236	0.20633343	0.22555338	0.22547635	0.22609147	0.23122914	0.21136233	0.22044118	0.22732492	0.22057927	0.22599195	0.22837168	0.21536861	0.22436729	0.22910038	0.2191977	0.22288804	0.2199202	0.21878393	0.216875	0.2198383	0.4225972	0.42593408	0.4390121	0.1917923	0.43780744	0.43343022	0.44364163	0.18486938	0.43923965	0.4479419	0.4587505	0.48070797	0.4717709	0.47803807	0.4755646	0.47870335	0.46810117	0.4714747	0.47368422
S2_7_HHMYFBGX2_1_Damselfly_B04_X5	0.19036826	0.18446602	0.19267087	0.18191016	0.18825042	0.18818106	0.19142689	0.18802902	0.18654822	0.46522063	0.4549084	0.4515918	0.4568727	0.45604396	0.4525035	0.43447644	0.4692429	0.45067114	0.21002077	0.10099382	0.19198565	0.18469101	0.19146797	0.20981546	0.18755464	0.0	0.19013858	0.19301753	0.19401298	0.19809264	0.18817045	0.19245976	0.20050068	0.20247447	0.1944919	0.19013272	0.1996997	0.1993976	0.4237007	0.20150943	0.19097888	0.19704005	0.4249802	0.18292342	0.18080977	0.20373134	0.19887103	0.21105154	0.21015601	0.20789023	0.20909666	0.20727159	0.20653567	0.20626514	0.21000893	0.21563774	0.20701262	0.23224647	0.2150052	0.22012258	0.22772278	0.21670908	0.22558679	0.2293617	0.22650602	0.2175334	0.22582497	0.221519	0.22830611	0.22141014	0.2180078	0.22161224	0.22517568	0.21487603	0.21735768	0.21426366	0.4306715	0.42623308	0.43754143	0.19265802	0.44169247	0.44295493	0.43799	0.1924596	0.43752095	0.44461352	0.4511041	0.47721696	0.4659919	0.47548667	0.4738287	0.47491577	0.4730135	0.46608666	0.4674312
S2_8_HHMYFBGX2_1_Damselfly_B05_X5	0.19014308	0.18657231	0.1832679	0.18484451	0.19018692	0.18850142	0.1848822	0.18356998	0.19450317	0.45929277	0.45282516	0.4393491	0.44795442	0.4451336	0.43660855	0.42520493	0.4352487	0.4521199	0.210823	0.1927953	0.20056868	0.19068779	0.1945519	0.20931284	0.08723876	0.19013858	0.0	0.19610523	0.19275776	0.19387442	0.18940154	0.19190642	0.19815092	0.20398441	0.20208816	0.18941101	0.19732802	0.18945055	0.41243175	0.1959883	0.19924678	0.20149253	0.41088223	0.18844222	0.18755847	0.20540759	0.19605513	0.20856859	0.20598233	0.20464939	0.20538838	0.20562029	0.20499067	0.19803657	0.21005327	0.20248204	0.20733249	0.2261236	0.22329348	0.22220114	0.23004332	0.20602219	0.21744792	0.22746164	0.22031885	0.22820842	0.22474094	0.21487331	0.22405829	0.22891179	0.22301024	0.22263601	0.21918505	0.22177902	0.21399248	0.21677597	0.41690543	0.4167883	0.43398717	0.19167443	0.429605	0.43251726	0.42573872	0.186088	0.4350304	0.44064987	0.4481132	0.4709972	0.46613994	0.47412008	0.47273105	0.46648398	0.46731338	0.4625453	0.4627976
S2_9_HHMYFBGX2_1_Damselfly_B06_X5	0.19660708	0.1932731	0.19824311	0.18672906	0.19045475	0.19674335	0.19194461	0.19076174	0.19389133	0.45556444	0.45826933	0.44251525	0.45150915	0.45109192	0.44160402	0.4227774	0.45789894	0.4532646	0.097193874	0.19719765	0.20552784	0.19527178	0.20055453	0.20906475	0.19347283	0.19301753	0.19610523	0.0	0.19782871	0.19932531	0.1955684	0.1881655	0.2004352	0.19678631	0.20185924	0.18618013	0.20252793	0.18118687	0.4300239	0.20083766	0.19975953	0.17900485	0.4303959	0.19516227	0.19280167	0.19504644	0.20268394	0.19958253	0.19882277	0.21113943	0.20470707	0.20887338	0.20920692	0.20153645	0.20704986	0.20411342	0.20480654	0.22319834	0.2149204	0.2221817	0.22195986	0.20983905	0.22047001	0.22335567	0.22153945	0.21792914	0.226172	0.21566455	0.22004765	0.21851853	0.21064639	0.21599008	0.21663411	0.21765836	0.21101527	0.21929535	0.42661983	0.4169001	0.43314266	0.19694272	0.44251585	0.44343618	0.43759286	0.19655831	0.43598992	0.44232017	0.45137104	0.472423	0.46605745	0.47519684	0.46898758	0.4706359	0.4637064	0.46164173	0.44975844
S3_1_HHMYFBGX2_1_Damselfly_B08_X5	0.20055556	0.20135053	0.18827708	0.18548708	0.19898391	0.20079605	0.19783862	0.20104167	0.19990666	0.44411978	0.45446223	0.44609508	0.45503357	0.4562551	0.44050863	0.4224806	0.46015036	0.45228884	0.20826991	0.19538835	0.20302673	0.19194724	0.19606742	0.2098717	0.18674871	0.19401298	0.19275776	0.19782871	0.0	0.19874533	0.1934725	0.19690265	0.19330014	0.1967655	0.20290771	0.195726	0.1967673	0.18856351	0.4301192	0.19693573	0.19833018	0.19740634	0.42926544	0.19846492	0.19589451	0.19236471	0.19772922	0.20192869	0.20340502	0.21358733	0.20309119	0.20924574	0.208351	0.20324115	0.20690157	0.21093082	0.2037088	0.23478496	0.21831226	0.22647849	0.22974785	0.2146604	0.22403982	0.2236842	0.22786304	0.22225313	0.22602932	0.22306809	0.22463995	0.22322923	0.21841092	0.21850282	0.22038198	0.22204642	0.2218533	0.2218363	0.4344523	0.43251273	0.43802452	0.19665046	0.44226873	0.43486804	0.44428968	0.1925389	0.4395122	0.44683993	0.45435286	0.47752044	0.4722003	0.47723293	0.47476006	0.47454545	0.47501823	0.46761972	0.46716946
S3_2_HHMYFBGX2_1_Damselfly_B09_X5	0.19642857	0.19592384	0.19262473	0.18910506	0.18886149	0.19447382	0.20410997	0.19856322	0.19363116	0.4575672	0.4628889	0.45231274	0.4535284	0.45740086	0.45486724	0.4386574	0.46336997	0.46477988	0.2106309	0.19888137	0.18200916	0.19735077	0.18819389	0.21524099	0.19240332	0.19809264	0.19387442	0.19932531	0.19874533	0.0	0.16058807	0.20155247	0.16185477	0.19729425	0.19478653	0.2021044	0.1138314	0.19331789	0.43374956	0.19465375	0.20122324	0.19379194	0.43184358	0.19968304	0.1963584	0.20071943	0.1980897	0.21327484	0.21200232	0.21568628	0.212485	0.21675532	0.21830986	0.20728897	0.21368004	0.21010712	0.21189591	0.23506393	0.22056384	0.22463295	0.23026146	0.21954484	0.23161663	0.23061444	0.22815812	0.22483854	0.22994289	0.22390339	0.22511415	0.22679296	0.225271	0.2272107	0.22582513	0.22378342	0.22500733	0.22353801	0.43896633	0.4325935	0.44384113	0.19810094	0.4482703	0.44302073	0.44868332	0.1900103	0.44442704	0.45302594	0.4655365	0.48313686	0.47165143	0.47869462	0.4749657	0.47879425	0.47482395	0.47322315	0.4592721
S3_3_HHMYFBGX2_1_Damselfly_B10_X5	0.1884058	0.19339164	0.19337656	0.1871345	0.1909171	0.19185877	0.20057873	0.19912335	0.188757	0.4522342	0.44403353	0.44545868	0.45615718	0.4556434	0.44307542	0.43352237	0.45572263	0.44779256	0.21531233	0.19149241	0.18222769	0.18259759	0.17973857	0.20706506	0.19104205	0.18817045	0.18940154	0.1955684	0.1934725	0.16058807	0.0	0.19381443	0.097133756	0.20076674	0.19658494	0.1941265	0.16057256	0.19532865	0.42690393	0.19366062	0.18733378	0.18805179	0.42678425	0.19517544	0.19031791	0.18887207	0.19189908	0.19797823	0.20742495	0.19967994	0.21081786	0.21079692	0.21284081	0.20409448	0.20541796	0.20456608	0.20755269	0.2313368	0.2105452	0.21799858	0.22402412	0.22064479	0.21908073	0.22299497	0.22489014	0.21990535	0.22055739	0.22515243	0.22351378	0.22174302	0.2175994	0.21983148	0.22076899	0.22125371	0.22348243	0.2175096	0.43323275	0.42113563	0.43882516	0.19512194	0.43994966	0.43617022	0.43244246	0.18782383	0.44084704	0.44110274	0.45268595	0.46993032	0.46295512	0.47125998	0.46725732	0.46563843	0.46549684	0.46493846	0.45609066
S3_4_HHMYFBGX2_1_Damselfly_B11_X5	0.18727374	0.19373657	0.19449419	0.18760064	0.19170547	0.18714012	0.20086206	0.19955423	0.19265625	0.44329897	0.4457666	0.44299743	0.44945848	0.45083982	0.44480368	0.4224551	0.45461598	0.44315928	0.20460424	0.19243243	0.20059289	0.19746439	0.19717912	0.20863971	0.19010863	0.19245976	0.19190642	0.1881655	0.19690265	0.20155247	0.19381443	0.0	0.19819005	0.19984537	0.20304568	0.09716877	0.2011263	0.19761905	0.42445004	0.20777778	0.19275776	0.18785796	0.4203574	0.19546704	0.19095615	0.20436068	0.1890166	0.20228337	0.20291379	0.19952735	0.2039555	0.20925245	0.20437181	0.19809636	0.20447892	0.20509537	0.20322403	0.22413327	0.21713696	0.21997301	0.22057635	0.21307607	0.22234891	0.22341314	0.21894456	0.21838276	0.21897914	0.21955773	0.2213993	0.21588367	0.21958043	0.21898016	0.22128935	0.21724504	0.22030303	0.21663648	0.42161393	0.4150341	0.43493038	0.19513513	0.43547297	0.43307087	0.431612	0.19985875	0.43680602	0.44056153	0.45070148	0.47186965	0.4620853	0.46891558	0.46920875	0.46697247	0.4642333	0.46089676	0.4531109
S3_5_HHMYFBGX2_1_Damselfly_B12_X5	0.19312528	0.19333011	0.20026702	0.18983957	0.1884375	0.19247887	0.19772305	0.19923918	0.19133663	0.460182	0.44470224	0.4356223	0.4593465	0.45786518	0.44034955	0.4241996	0.45595855	0.45151198	0.20899682	0.20292424	0.17194836	0.17975427	0.17458867	0.20808254	0.19352616	0.20050068	0.19815092	0.2004352	0.19330014	0.16185477	0.097133756	0.19819005	0.0	0.18935427	0.20075282	0.19340055	0.16294838	0.20353982	0.4314706	0.19561552	0.19263315	0.21125612	0.43869123	0.18856502	0.18663388	0.19926393	0.18686225	0.2084888	0.21387559	0.19994773	0.21862745	0.21270983	0.21285267	0.20679012	0.20926966	0.21044159	0.21444695	0.23744394	0.21334039	0.23002611	0.22365496	0.21253406	0.21481141	0.22445256	0.22710015	0.22031963	0.22762556	0.2256782	0.21987952	0.2170115	0.22198159	0.22535864	0.22182596	0.21747415	0.22407044	0.2184793	0.4297935	0.425634	0.439792	0.20199557	0.44582394	0.43911916	0.4345301	0.19756098	0.4387079	0.45666355	0.4644243	0.4718475	0.46264744	0.46332738	0.46081978	0.4650092	0.4698647	0.46422184	0.452
S3_6_HHMYFBGX2_1_Damselfly_C01_X5	0.20922123	0.19514768	0.18602595	0.1875	0.18960752	0.21130268	0.20422816	0.19898167	0.2008547	0.43562874	0.43741766	0.4313238	0.44298527	0.44276392	0.43031704	0.40757328	0.4625	0.4383057	0.2015504	0.20589346	0.19467425	0.19391547	0.20086478	0.21931441	0.2040412	0.20247447	0.20398441	0.19678631	0.1967655	0.19729425	0.20076674	0.19984537	0.18935427	0.0	0.10031679	0.19771113	0.19864814	0.19921875	0.42992812	0.19980459	0.18798283	0.19338605	0.42814696	0.19624378	0.19305609	0.18054256	0.17829457	0.2048751	0.20555782	0.2023487	0.21491411	0.2097043	0.20980176	0.19766489	0.21906489	0.20514852	0.21472628	0.22982322	0.21850665	0.22245085	0.2247619	0.21164331	0.22121093	0.22925594	0.22536945	0.22133385	0.2317894	0.21917263	0.22050622	0.2297563	0.22217068	0.22472353	0.22025985	0.21245855	0.215	0.22371134	0.4299042	0.42882457	0.43811533	0.2054352	0.44053397	0.42971733	0.4392083	0.19603212	0.44312796	0.4498816	0.4504678	0.46361387	0.45538205	0.45005098	0.44811565	0.4579002	0.45833334	0.45504496	0.445433
S3_7_HHMYFBGX2_1_Damselfly_C02_X5	0.20287405	0.18482225	0.19408503	0.19585899	0.18221831	0.20478389	0.20247395	0.19888394	0.19393802	0.42524916	0.43691757	0.43419313	0.43886155	0.4414791	0.4351064	0.41386926	0.44918033	0.4362512	0.21418588	0.20016542	0.19154228	0.19124877	0.19468454	0.21374045	0.20548834	0.1944919	0.20208816	0.20185924	0.20290771	0.19478653	0.19658494	0.20304568	0.20075282	0.10031679	0.0	0.19663648	0.19637711	0.19611111	0.4172355	0.19755709	0.18478768	0.1919192	0.4232143	0.20494552	0.20091514	0.1813773	0.18152303	0.19768992	0.20596145	0.20833333	0.20915332	0.21470721	0.20341522	0.20367014	0.21269147	0.20229338	0.21845894	0.23294266	0.21677451	0.23480392	0.22697096	0.21310432	0.22793801	0.22721465	0.22515666	0.22302772	0.23673998	0.21995614	0.22297613	0.22703972	0.23073022	0.23330443	0.22274774	0.2106612	0.21497253	0.21694684	0.42908192	0.41949967	0.43317854	0.19634703	0.43331563	0.4412972	0.44103312	0.18819374	0.43746743	0.44073084	0.44693252	0.45986807	0.45820624	0.45987654	0.4558574	0.46287835	0.4635267	0.4606866	0.45869297
S3_8_HHMYFBGX2_1_Damselfly_C03_X5	0.18459137	0.19075866	0.19606946	0.18744889	0.19156264	0.18520594	0.19458273	0.19462885	0.19319987	0.45621258	0.4507109	0.44493392	0.44949263	0.44991583	0.44670773	0.4191267	0.4601626	0.45037138	0.1970181	0.1888981	0.1992739	0.19102113	0.19322424	0.203808	0.18775511	0.19013272	0.18941101	0.18618013	0.195726	0.2021044	0.1941265	0.09716877	0.19340055	0.19771113	0.19663648	0.0	0.20013699	0.19311741	0.4252129	0.19946909	0.19648615	0.18480791	0.42214257	0.18928371	0.18835141	0.20892723	0.19442041	0.19710535	0.20180815	0.1954592	0.19813998	0.21037912	0.20210934	0.19274925	0.20143455	0.20043541	0.20194203	0.22268327	0.21563154	0.21853626	0.21986791	0.21052632	0.21649185	0.22448109	0.21559772	0.214856	0.21938923	0.2182995	0.22170419	0.21854493	0.22347267	0.21913044	0.21854001	0.21577434	0.21545343	0.21461609	0.42108148	0.41329858	0.43486208	0.1945058	0.43790963	0.43514284	0.4289733	0.19823867	0.4350519	0.4412302	0.45441878	0.47517607	0.46116504	0.47091967	0.46894524	0.47184685	0.4608174	0.4625222	0.45289856
S3_9_HHMYFBGX2_1_Damselfly_C04_X5	0.19734015	0.19422103	0.1895354	0.18922599	0.18691014	0.19491525	0.20189099	0.19887672	0.19459541	0.46325088	0.46546346	0.45742938	0.46188632	0.4642155	0.45831487	0.44107452	0.46840557	0.4658228	0.21367948	0.19916579	0.1832951	0.19704102	0.18763587	0.21183012	0.1912659	0.1996997	0.19732802	0.20252793	0.1967673	0.1138314	0.16057256	0.2011263	0.16294838	0.19864814	0.19637711	0.20013699	0.0	0.19238205	0.4343294	0.19495496	0.19604537	0.19127516	0.42961437	0.20198676	0.19818754	0.19820143	0.19358867	0.21219859	0.21100116	0.21177821	0.20798193	0.21777055	0.21561724	0.20603523	0.21458924	0.20911343	0.21135941	0.23596239	0.219103	0.22605427	0.22937208	0.21769437	0.23094974	0.22930108	0.22701232	0.22346444	0.22859868	0.22465181	0.22274666	0.22703874	0.22390343	0.22676326	0.2251809	0.22557423	0.22367263	0.22064005	0.43739337	0.4289539	0.44451353	0.19874804	0.4448589	0.43804586	0.44864866	0.19133265	0.4436951	0.45043227	0.46364653	0.4809336	0.46970275	0.47729585	0.47354862	0.47661743	0.47419584	0.47382373	0.4666955
