0.406852 0.593138 0.000010
0.148273 0.809642 0.042085
0.512828 0.426159 0.061013
0.000010 0.999980 0.000010
0.519630 0.332757 0.147613
0.468469 0.531521 0.000010
0.000010 0.999980 0.000010
0.135933 0.776588 0.087479
0.000010 0.925681 0.074309
0.000010 0.923689 0.076301
0.301541 0.581949 0.116509
0.270719 0.729271 0.000010
0.499319 0.500671 0.000010
0.134076 0.824342 0.041582
0.542701 0.337888 0.119411
0.555541 0.379558 0.064902
0.490342 0.427214 0.082443
0.942228 0.000010 0.057762
0.702499 0.226767 0.070734
0.000010 0.999980 0.000010
0.000010 0.946637 0.053353
0.999980 0.000010 0.000010
0.999980 0.000010 0.000010
0.708095 0.025813 0.266092
0.783697 0.000010 0.216293
0.877388 0.000010 0.122602
0.294515 0.550350 0.155135
0.000010 0.000010 0.999980
0.000010 0.000010 0.999980
0.999980 0.000010 0.000010
0.000010 0.000010 0.999980
0.000010 0.000010 0.999980
0.691804 0.234912 0.073284
0.643348 0.278151 0.078501
0.580106 0.000010 0.419884
0.000010 0.000010 0.999980
0.640764 0.098115 0.261121
0.548186 0.251756 0.200058
0.999980 0.000010 0.000010
0.449126 0.279284 0.271589
0.878863 0.074617 0.046520
0.999980 0.000010 0.000010
0.999980 0.000010 0.000010
0.564733 0.426932 0.008335
0.444183 0.542280 0.013537
0.503640 0.496350 0.000010
0.143126 0.727915 0.128959
0.087539 0.911569 0.000892
0.307922 0.692068 0.000010
0.000010 0.999980 0.000010
0.043721 0.956269 0.000010
0.000010 0.999980 0.000010
0.000010 0.905912 0.094078
0.647743 0.352247 0.000010
0.000010 0.999980 0.000010
0.000010 0.999980 0.000010
0.421886 0.578104 0.000010
0.364657 0.635333 0.000010
0.000010 0.913335 0.086655
0.283278 0.716712 0.000010
0.000010 0.999980 0.000010
0.000010 0.999980 0.000010
0.000010 0.999980 0.000010
0.000010 0.999980 0.000010
